# energy [hartree]:-73.8396768405
# iterations before stopping: 18
#Runtime settings
#number of atoms: 40
#electronic configuration: [2 2 1 1]
#wiegner seitz radious: 3.93
#R_c: 13.440410940878838
#beta: 0.25

#r	rho	potential
0.02	0.00272339445577	-0.202606353188
0.04	0.00272365841941	-0.202610643171
0.06	0.0027240983062	-0.202617791514
0.08	0.00272471403406	-0.202627795688
0.1	0.00272550548759	-0.202640652141
0.12	0.00272647251818	-0.202656356303
0.14	0.00272761494405	-0.202674902596
0.16	0.00272893255035	-0.202696284433
0.18	0.00273042508911	-0.20272049423
0.2	0.00273209227936	-0.20274752341
0.22	0.00273393380711	-0.202777362409
0.24	0.00273594932543	-0.20281000069
0.26	0.00273813845445	-0.202845426749
0.28	0.00274050078144	-0.202883628122
0.3	0.00274303586084	-0.202924591405
0.32	0.00274574321431	-0.202968302255
0.34	0.00274862233081	-0.203014745413
0.36	0.00275167266663	-0.203063904707
0.38	0.00275489364545	-0.203115763075
0.4	0.00275828465844	-0.203170302574
0.42	0.0027618450643	-0.203227504397
0.44	0.00276557418937	-0.203287348891
0.46	0.00276947132765	-0.203349815571
0.48	0.00277353574096	-0.203414883136
0.5	0.00277776665896	-0.203482529492
0.52	0.00278216327928	-0.203552731766
0.54	0.00278672476762	-0.203625466327
0.56	0.00279145025782	-0.203700708803
0.58	0.00279633885201	-0.203778434106
0.6	0.00280138962068	-0.203858616444
0.62	0.00280660160282	-0.20394122935
0.64	0.00281197380605	-0.204026245699
0.66	0.00281750520672	-0.204113637729
0.68	0.00282319475004	-0.204203377065
0.7	0.00282904135025	-0.204295434738
0.72	0.00283504389074	-0.20438978121
0.74	0.00284120122418	-0.204486386396
0.76	0.00284751217271	-0.204585219685
0.78	0.00285397552807	-0.204686249964
0.8	0.00286059005176	-0.204789445642
0.82	0.00286735447523	-0.204894774669
0.84	0.00287426750006	-0.205002204566
0.86	0.0028813277981	-0.205111702441
0.88	0.0028885340117	-0.205223235017
0.9	0.00289588475387	-0.205336768654
0.92	0.00290337860851	-0.205452269368
0.94	0.00291101413057	-0.205569702863
0.96	0.00291878984632	-0.205689034546
0.98	0.00292670425352	-0.205810229551
1.0	0.00293475582164	-0.205933252766
1.02	0.00294294299215	-0.206058068852
1.04	0.00295126417868	-0.206184642266
1.06	0.00295971776731	-0.206312937283
1.08	0.00296830211679	-0.20644291802
1.1	0.00297701555885	-0.206574548453
1.12	0.00298585639837	-0.206707792444
1.14	0.00299482291376	-0.206842613758
1.16	0.00300391335714	-0.206978976086
1.18	0.00301312595467	-0.207116843065
1.2	0.00302245890686	-0.207256178297
1.22	0.00303191038881	-0.207396945371
1.24	0.00304147855054	-0.20753910788
1.26	0.00305116151733	-0.207682629442
1.28	0.00306095739	-0.207827473716
1.3	0.00307086424525	-0.207973604426
1.32	0.00308088013597	-0.208120985371
1.34	0.00309100309162	-0.208269580447
1.36	0.00310123111854	-0.208419353666
1.38	0.00311156220034	-0.208570269166
1.4	0.00312199429821	-0.208722291233
1.42	0.00313252535133	-0.208875384314
1.44	0.00314315327723	-0.209029513033
1.46	0.00315387597216	-0.209184642204
1.48	0.0031646913115	-0.209340736848
1.5	0.00317559715015	-0.209497762203
1.52	0.00318659132292	-0.209655683742
1.54	0.00319767164496	-0.209814467181
1.56	0.00320883591217	-0.209974078495
1.58	0.00322008190159	-0.210134483926
1.6	0.00323140737191	-0.21029565
1.62	0.00324281006382	-0.21045754353
1.64	0.00325428770051	-0.210620131634
1.66	0.00326583798813	-0.21078338174
1.68	0.00327745861618	-0.210947261597
1.7	0.00328914725807	-0.211111739286
1.72	0.0033009015715	-0.211276783222
1.74	0.00331271919902	-0.211442362171
1.76	0.00332459776844	-0.211608445248
1.78	0.00333653489339	-0.211775001933
1.8	0.00334852817378	-0.211942002071
1.82	0.00336057519629	-0.21210941588
1.84	0.00337267353493	-0.212277213961
1.86	0.00338482075151	-0.212445367294
1.88	0.00339701439618	-0.212613847252
1.9	0.00340925200798	-0.212782625602
1.92	0.00342153111533	-0.212951674507
1.94	0.00343384923661	-0.213120966531
1.96	0.00344620388067	-0.213290474646
1.98	0.00345859254742	-0.213460172227
2.0	0.00347101272836	-0.213630033061
2.02	0.00348346190714	-0.213800031348
2.04	0.00349593756015	-0.213970141698
2.06	0.00350843715707	-0.214140339139
2.08	0.00352095816145	-0.214310599114
2.1	0.0035334980313	-0.214480897481
2.12	0.00354605421967	-0.214651210517
2.14	0.00355862417524	-0.214821514913
2.16	0.00357120534292	-0.214991787779
2.18	0.00358379516443	-0.215162006639
2.2	0.00359639107894	-0.215332149431
2.22	0.00360899052364	-0.215502194509
2.24	0.00362159093436	-0.215672120637
2.26	0.00363418974619	-0.21584190699
2.28	0.0036467843941	-0.21601153315
2.3	0.00365937231355	-0.216180979107
2.32	0.00367195094112	-0.216350225253
2.34	0.00368451771512	-0.21651925238
2.36	0.00369707007624	-0.216688041679
2.38	0.00370960546819	-0.216856574735
2.4	0.00372212133828	-0.217024833525
2.42	0.00373461513812	-0.21719280041
2.44	0.0037470843242	-0.217360458139
2.46	0.00375952635859	-0.217527789839
2.48	0.00377193870951	-0.217694779013
2.5	0.00378431885204	-0.217861409533
2.52	0.00379666426871	-0.218027665643
2.54	0.00380897245017	-0.218193531944
2.56	0.00382124089584	-0.218358993399
2.58	0.00383346711453	-0.218524035322
2.6	0.0038456486251	-0.218688643376
2.62	0.00385778295712	-0.218852803566
2.64	0.00386986765147	-0.219016502235
2.66	0.00388190026106	-0.21917972606
2.68	0.0038938783514	-0.219342462045
2.7	0.00390579950127	-0.219504697515
2.72	0.00391766130338	-0.219666420112
2.74	0.00392946136502	-0.21982761779
2.76	0.00394119730864	-0.219988278809
2.78	0.00395286677256	-0.220148391727
2.8	0.00396446741156	-0.220307945399
2.82	0.00397599689756	-0.220466928966
2.84	0.0039874529202	-0.220625331856
2.86	0.00399883318751	-0.22078314377
2.88	0.00401013542654	-0.220940354684
2.9	0.00402135738395	-0.22109695484
2.92	0.00403249682669	-0.221252934738
2.94	0.00404355154255	-0.221408285135
2.96	0.00405451934085	-0.221562997037
2.98	0.00406539805301	-0.221717061693
3.0	0.00407618553314	-0.22187047059
3.02	0.00408687965871	-0.222023215447
3.04	0.00409747833109	-0.222175288211
3.06	0.00410797947619	-0.222326681049
3.08	0.00411838104503	-0.222477386345
3.1	0.00412868101431	-0.222627396693
3.12	0.00413887738703	-0.222776704894
3.14	0.00414896819307	-0.222925303947
3.16	0.00415895148972	-0.223073187047
3.18	0.00416882536226	-0.22322034758
3.2	0.00417858792456	-0.223366779115
3.22	0.00418823731959	-0.223512475403
3.24	0.00419777171999	-0.223657430369
3.26	0.00420718932858	-0.223801638109
3.28	0.00421648837896	-0.223945092885
3.3	0.00422566713597	-0.224087789122
3.32	0.00423472389625	-0.2242297214
3.34	0.00424365698875	-0.224370884453
3.36	0.00425246477523	-0.224511273164
3.38	0.00426114565075	-0.22465088256
3.4	0.00426969804419	-0.22478970781
3.42	0.0042781204187	-0.224927744219
3.44	0.00428641127222	-0.225064987226
3.46	0.00429456913789	-0.2252014324
3.48	0.00430259258455	-0.225337075437
3.5	0.0043104802172	-0.225471912154
3.52	0.00431823067737	-0.225605938491
3.54	0.00432584264366	-0.225739150506
3.56	0.00433331483207	-0.225871544367
3.58	0.00434064599646	-0.226003116359
3.6	0.00434783492895	-0.226133862874
3.62	0.00435488046029	-0.226263780411
3.64	0.00436178146028	-0.226392865574
3.66	0.00436853683812	-0.226521115071
3.68	0.0043751455428	-0.226648525708
3.7	0.0043816065634	-0.226775094395
3.72	0.00438791892951	-0.226900818136
3.74	0.00439408171149	-0.227025694032
3.76	0.00440009402086	-0.227149719281
3.78	0.00440595501053	-0.227272891173
3.8	0.00441166387519	-0.227395207092
3.82	0.00441721985153	-0.227516664516
3.84	0.00442262221856	-0.227637261011
3.86	0.00442787029785	-0.22775699424
3.88	0.00443296345378	-0.227875861954
3.9	0.00443790109382	-0.227993861995
3.92	0.00444268266872	-0.228110992298
3.94	0.00444730767276	-0.228227250891
3.96	0.00445177564392	-0.228342635891
3.98	0.00445608616413	-0.22845714551
4.0	0.00446023885938	-0.228570778054
4.02	0.00446423339996	-0.228683531923
4.04	0.00446806950056	-0.228795405612
4.06	0.00447174692045	-0.228906397716
4.08	0.00447526546361	-0.229016506926
4.1	0.00447862497881	-0.229125732035
4.12	0.00448182535978	-0.229234071936
4.14	0.00448486654524	-0.229341525628
4.16	0.00448774851902	-0.229448092217
4.18	0.00449047131009	-0.229553770914
4.2	0.00449303499268	-0.229658561045
4.22	0.00449543968622	-0.229762462048
4.24	0.00449768555546	-0.229865473476
4.26	0.00449977281042	-0.229967595002
4.28	0.00450170170642	-0.230068826423
4.3	0.00450347254407	-0.23016916766
4.32	0.00450508566921	-0.230268618763
4.34	0.00450654147288	-0.230367179914
4.36	0.00450784039128	-0.230464851432
4.38	0.00450898290571	-0.230561633774
4.4	0.00450996954243	-0.230657527544
4.42	0.00451080087262	-0.23075253349
4.44	0.00451147751225	-0.230846652514
4.46	0.00451200012194	-0.230939885673
4.48	0.00451236940685	-0.231032234185
4.5	0.00451258611648	-0.231123699434
4.52	0.00451265104458	-0.231214282972
4.54	0.00451256502888	-0.231303986527
4.56	0.00451232895095	-0.231392812004
4.58	0.00451194373598	-0.231480761495
4.6	0.00451141035255	-0.231567837279
4.62	0.00451072981241	-0.23165404183
4.64	0.00450990317021	-0.231739377821
4.66	0.00450893152323	-0.231823848132
4.68	0.00450781601114	-0.23190745585
4.7	0.00450655781566	-0.231990204279
4.72	0.00450515816028	-0.232072096945
4.74	0.00450361830994	-0.232153137599
4.76	0.0045019395707	-0.232233330225
4.78	0.00450012328938	-0.232312679045
4.8	0.0044981708532	-0.232391188524
4.82	0.00449608368942	-0.232468863377
4.84	0.00449386326494	-0.232545708573
4.86	0.00449151108591	-0.232621729342
4.88	0.00448902869731	-0.232696931181
4.9	0.00448641768252	-0.23277131986
4.92	0.00448367966288	-0.232844901425
4.94	0.00448081629725	-0.232917682209
4.96	0.00447782928153	-0.232989668832
4.98	0.0044747203482	-0.233060868211
5.0	0.00447149126579	-0.233131287564
5.02	0.00446814383843	-0.233200934416
5.04	0.00446467990529	-0.233269816604
5.06	0.00446110134008	-0.233337942284
5.08	0.00445741005049	-0.233405319936
5.1	0.00445360797765	-0.233471958368
5.12	0.00444969709556	-0.233537866725
5.14	0.00444567941053	-0.23360305449
5.16	0.00444155696056	-0.233667531493
5.18	0.00443733181479	-0.233731307914
5.2	0.00443300607283	-0.233794394288
5.22	0.00442858186419	-0.233856801511
5.24	0.00442406134763	-0.233918540844
5.26	0.00441944671053	-0.23397962392
5.28	0.00441474016819	-0.234040062745
5.3	0.00440994396323	-0.234099869705
5.32	0.00440506036488	-0.234159057567
5.34	0.00440009166832	-0.23421763949
5.36	0.00439504019396	-0.23427562902
5.38	0.00438990828674	-0.234333040101
5.4	0.00438469831545	-0.234389887076
5.42	0.00437941267199	-0.234446184687
5.44	0.00437405377062	-0.234501948085
5.46	0.00436862404724	-0.234557192826
5.48	0.00436312595866	-0.234611934881
5.5	0.00435756198183	-0.23466619063
5.52	0.00435193461304	-0.234719976872
5.54	0.00434624636721	-0.234773310822
5.56	0.00434049977709	-0.234826210116
5.58	0.00433469739245	-0.234878692808
5.6	0.0043288417793	-0.234930777377
5.62	0.00432293551911	-0.234982482725
5.64	0.00431698120798	-0.235033828174
5.66	0.00431098145582	-0.235084833475
5.68	0.00430493888556	-0.235135518799
5.7	0.0042988561323	-0.235185904743
5.72	0.00429273584247	-0.235236012324
5.74	0.00428658067304	-0.235285862985
5.76	0.00428039329061	-0.235335478587
5.78	0.00427417637062	-0.23538488141
5.8	0.00426793259647	-0.235434094152
5.82	0.00426166465866	-0.235483139925
5.84	0.00425537525396	-0.235532042252
5.86	0.00424906708449	-0.235580825067
5.88	0.00424274285692	-0.235629512707
5.9	0.00423640528153	-0.23567812991
5.92	0.00423005707138	-0.235726701813
5.94	0.00422370094142	-0.235775253943
5.96	0.0042173396076	-0.235823812216
5.98	0.00421097578598	-0.235872402929
6.0	0.00420461219188	-0.235921052753
6.02	0.00419825153894	-0.235969788732
6.04	0.00419189653828	-0.236018638269
6.06	0.00418554989755	-0.236067629123
6.08	0.00417921432012	-0.236116789403
6.1	0.00417289250409	-0.236166147555
6.12	0.00416658714146	-0.236215732359
6.14	0.00416030091722	-0.236265572913
6.16	0.00415403650844	-0.236315698633
6.18	0.0041477965834	-0.236366139234
6.2	0.00414158380064	-0.236416924726
6.22	0.00413540080815	-0.236468085402
6.24	0.0041292502424	-0.236519651823
6.26	0.00412313472746	-0.236571654813
6.28	0.00411705687413	-0.236624125442
6.3	0.00411101927906	-0.236677095015
6.32	0.00410502452379	-0.23673059506
6.34	0.00409907517393	-0.236784657314
6.36	0.00409317377827	-0.236839313711
6.38	0.00408732286784	-0.236894596364
6.4	0.00408152495507	-0.236950537555
6.42	0.00407578253292	-0.237007169717
6.44	0.00407009807396	-0.23706452542
6.46	0.00406447402955	-0.237122637357
6.48	0.00405891282892	-0.237181538325
6.5	0.00405341687832	-0.237241261208
6.52	0.00404798856016	-0.237301838966
6.54	0.00404263023218	-0.237363304611
6.56	0.00403734422651	-0.237425691194
6.58	0.00403213284891	-0.237489031785
6.6	0.00402699837787	-0.237553359457
6.62	0.00402194306378	-0.237618707265
6.64	0.00401696912809	-0.237685108229
6.66	0.0040120787625	-0.237752595317
6.68	0.00400727412807	-0.23782120142
6.7	0.00400255735448	-0.237890959339
6.72	0.00399793053914	-0.237961901762
6.74	0.00399339574645	-0.238034061243
6.76	0.00398895500691	-0.238107470185
6.78	0.0039846103164	-0.238182160819
6.8	0.00398036363534	-0.23825816518
6.82	0.00397621688791	-0.238335515093
6.84	0.00397217196128	-0.238414242147
6.86	0.00396823070486	-0.238494377675
6.88	0.00396439492946	-0.238575952734
6.9	0.00396066640662	-0.238658998086
6.92	0.00395704686778	-0.238743544173
6.94	0.00395353800362	-0.2388296211
6.96	0.00395014146322	-0.238917258611
6.98	0.00394685885343	-0.239006486068
7.0	0.00394369173809	-0.239097332432
7.02	0.00394064163733	-0.239189826243
7.04	0.00393771002688	-0.239283995595
7.06	0.00393489833736	-0.239379868118
7.08	0.00393220795359	-0.239477470959
7.1	0.00392964021392	-0.239576830758
7.12	0.00392719640958	-0.239677973629
7.14	0.00392487778399	-0.239780925143
7.16	0.00392268553209	-0.239885710303
7.18	0.00392062079979	-0.239992353528
7.2	0.00391868468322	-0.240100878633
7.22	0.00391687822821	-0.240211308808
7.24	0.00391520242961	-0.240323666603
7.26	0.00391365823074	-0.240437973905
7.28	0.00391224652276	-0.240554251923
7.3	0.00391096814412	-0.24067252117
7.32	0.00390982387996	-0.240792801445
7.34	0.00390881446161	-0.240915111815
7.36	0.00390794056597	-0.2410394706
7.38	0.00390720281503	-0.241165895357
7.4	0.00390660177535	-0.241294402863
7.42	0.0039061379575	-0.241425009099
7.44	0.0039058118156	-0.241557729239
7.46	0.00390562374685	-0.241692577633
7.48	0.00390557409101	-0.241829567793
7.5	0.00390566312998	-0.24196871238
7.52	0.00390589108733	-0.242110023193
7.54	0.00390625812787	-0.242253511155
7.56	0.00390676435725	-0.242399186303
7.58	0.00390740982152	-0.242547057776
7.6	0.00390819450677	-0.242697133803
7.62	0.00390911833873	-0.242849421696
7.64	0.00391018118241	-0.243003927842
7.66	0.00391138284177	-0.24316065769
7.68	0.00391272305936	-0.243319615743
7.7	0.00391420151601	-0.243480805557
7.72	0.00391581783056	-0.243644229728
7.74	0.0039175715595	-0.243809889886
7.76	0.00391946219679	-0.243977786693
7.78	0.00392148917353	-0.244147919836
7.8	0.00392365185777	-0.244320288023
7.82	0.00392594955427	-0.244494888979
7.84	0.00392838150431	-0.244671719442
7.86	0.00393094688547	-0.244850775162
7.88	0.00393364481152	-0.2450320509
7.9	0.00393647433223	-0.245215540424
7.92	0.00393943443322	-0.245401236509
7.94	0.00394252403593	-0.245589130939
7.96	0.00394574199743	-0.245779214504
7.98	0.00394908711042	-0.245971477005
8.0	0.00395255810313	-0.246165907252
8.02	0.00395615363932	-0.246362493068
8.04	0.00395987231825	-0.24656122129
8.06	0.00396371267467	-0.246762077775
8.08	0.0039676731789	-0.246965047401
8.1	0.00397175223682	-0.247170114072
8.12	0.00397594819	-0.247377260723
8.14	0.00398025931574	-0.247586469323
8.16	0.00398468382722	-0.247797720885
8.18	0.00398921987364	-0.248010995467
8.2	0.00399386554035	-0.24822627218
8.22	0.00399861884907	-0.248443529198
8.24	0.00400347775808	-0.248662743758
8.26	0.00400844016246	-0.248883892176
8.28	0.00401350389433	-0.249106949848
8.3	0.00401866672316	-0.249331891261
8.32	0.00402392635605	-0.249558690001
8.34	0.00402928043807	-0.249787318763
8.36	0.00403472655262	-0.250017749355
8.38	0.00404026222179	-0.250249952716
8.4	0.00404588490682	-0.250483898916
8.42	0.00405159200845	-0.250719557172
8.44	0.00405738086746	-0.250956895855
8.46	0.00406324876513	-0.251195882502
8.48	0.00406919292373	-0.251436483823
8.5	0.00407521050708	-0.251678665713
8.52	0.00408129862112	-0.251922393264
8.54	0.00408745431452	-0.252167630773
8.56	0.00409367457926	-0.252414341752
8.58	0.00409995635134	-0.252662488943
8.6	0.00410629651139	-0.252912034322
8.62	0.00411269188546	-0.253162939116
8.64	0.00411913924569	-0.253415163809
8.66	0.00412563531111	-0.253668668154
8.68	0.00413217674842	-0.253923411186
8.7	0.00413876017283	-0.254179351228
8.72	0.00414538214891	-0.254436445906
8.74	0.00415203919145	-0.254694652156
8.76	0.00415872776639	-0.254953926236
8.78	0.00416544429178	-0.255214223735
8.8	0.00417218513871	-0.255475499585
8.82	0.00417894663236	-0.255737708069
8.84	0.00418572505297	-0.256000802833
8.86	0.00419251663695	-0.256264736891
8.88	0.00419931757796	-0.256529462642
8.9	0.00420612402801	-0.256794931872
8.92	0.00421293209862	-0.257061095767
8.94	0.00421973786201	-0.257327904922
8.96	0.0042265373523	-0.257595309348
8.98	0.00423332656672	-0.257863258483
9.0	0.00424010146691	-0.258131701195
9.02	0.00424685798023	-0.258400585799
9.04	0.00425359200103	-0.258669860057
9.06	0.00426029939205	-0.258939471188
9.08	0.00426697598576	-0.259209365879
9.1	0.00427361758582	-0.259479490285
9.12	0.00428021996848	-0.259749790044
9.14	0.00428677888407	-0.260020210279
9.16	0.00429329005844	-0.260290695604
9.18	0.00429974919457	-0.260561190132
9.2	0.00430615197403	-0.260831637484
9.22	0.00431249405859	-0.261101980787
9.24	0.00431877109184	-0.261372162686
9.26	0.00432497870078	-0.26164212535
9.28	0.00433111249746	-0.261911810471
9.3	0.00433716808071	-0.262181159273
9.32	0.00434314103778	-0.262450112517
9.34	0.00434902694609	-0.262718610506
9.36	0.00435482137496	-0.262986593084
9.38	0.00436051988742	-0.263253999646
9.4	0.00436611804192	-0.263520769139
9.42	0.00437161139422	-0.263786840066
9.44	0.00437699549917	-0.264052150488
9.46	0.00438226591257	-0.264316638032
9.48	0.00438741819307	-0.264580239886
9.5	0.00439244790401	-0.26484289281
9.52	0.00439735061535	-0.265104533132
9.54	0.00440212190562	-0.265365096756
9.56	0.00440675736379	-0.26562451916
9.58	0.00441125259129	-0.265882735401
9.6	0.00441560320394	-0.266139680116
9.62	0.00441980483394	-0.266395287523
9.64	0.00442385313188	-0.266649491425
9.66	0.0044277437687	-0.266902225209
9.68	0.00443147243778	-0.26715342185
9.7	0.00443503485687	-0.267403013913
9.72	0.0044384267702	-0.26765093355
9.74	0.0044416439505	-0.267897112507
9.76	0.00444468220103	-0.268141482121
9.78	0.00444753735763	-0.268383973325
9.8	0.00445020529082	-0.268624516645
9.82	0.00445268190781	-0.268863042205
9.84	0.00445496315458	-0.269099479728
9.86	0.00445704501795	-0.269333758532
9.88	0.00445892352762	-0.269565807539
9.9	0.00446059475827	-0.269795555271
9.92	0.00446205483155	-0.270022929852
9.94	0.00446329991822	-0.270247859011
9.96	0.0044643262401	-0.270470270081
9.98	0.00446513007219	-0.270690090003
10.0	0.00446570774466	-0.270907245327
10.02	0.00446605564489	-0.27112166221
10.04	0.00446617021945	-0.271333266424
10.06	0.00446604797614	-0.271541983352
10.08	0.00446568548596	-0.271747737992
10.1	0.00446507938507	-0.271950454962
10.12	0.00446422637674	-0.272150058495
10.14	0.00446312323333	-0.272346472451
10.16	0.00446176679815	-0.27253962031
10.18	0.00446015398738	-0.27272942518
10.2	0.00445828179196	-0.272915809801
10.22	0.00445614727941	-0.273098696542
10.24	0.0044537475957	-0.273278007411
10.26	0.004451079967	-0.273453664053
10.28	0.00444814170149	-0.273625587759
10.3	0.00444493019108	-0.273793699462
10.32	0.00444144291313	-0.273957919751
10.34	0.00443767743214	-0.274118168866
10.36	0.00443363140139	-0.274274366709
10.38	0.00442930256456	-0.274426432847
10.4	0.00442468875726	-0.274574286515
10.42	0.00441978790867	-0.274717846622
10.44	0.00441459804291	-0.274857031761
10.46	0.00440911728062	-0.274991760207
10.48	0.00440334384029	-0.275121949931
10.5	0.00439727603967	-0.275247518602
10.52	0.00439091229712	-0.275368383594
10.54	0.00438425113284	-0.275484461993
10.56	0.00437729117015	-0.275595670608
10.58	0.00437003113669	-0.275701925972
10.6	0.00436246986549	-0.275803144357
10.62	0.00435460629614	-0.275899241777
10.64	0.00434643947577	-0.275990134
10.66	0.00433796856007	-0.276075736553
10.68	0.00432919281419	-0.276155964738
10.7	0.00432011161363	-0.276230733632
10.72	0.00431072444503	-0.276299958107
10.74	0.004301030907	-0.276363552832
10.76	0.00429103071071	-0.27642143229
10.78	0.00428072368063	-0.276473510783
10.8	0.00427010975508	-0.276519702448
10.82	0.00425918898671	-0.276559921267
10.84	0.004247961543	-0.276594081076
10.86	0.00423642770665	-0.276622095582
10.88	0.00422458787589	-0.276643878373
10.9	0.00421244256476	-0.276659342931
10.92	0.00419999240331	-0.276668402645
10.94	0.00418723813772	-0.276670970825
10.96	0.00417418063037	-0.276666960715
10.98	0.00416082085987	-0.276656285508
11.0	0.00414715992094	-0.276638858362
11.02	0.00413319902432	-0.276614592411
11.04	0.00411893949655	-0.276583400782
11.06	0.00410438277968	-0.276545196612
11.08	0.00408953043097	-0.27649989306
11.1	0.00407438412242	-0.276447403326
11.12	0.00405894564036	-0.276387640667
11.14	0.00404321688483	-0.276320518411
11.16	0.00402719986903	-0.276245949977
11.18	0.00401089671857	-0.276163848891
11.2	0.00399430967074	-0.276074128799
11.22	0.00397744107369	-0.275976703493
11.24	0.00396029338552	-0.275871486921
11.26	0.00394286917334	-0.27575839321
11.28	0.00392517111218	-0.275637336681
11.3	0.00390720198396	-0.27550823187
11.32	0.00388896467626	-0.275370993544
11.34	0.00387046218113	-0.275225536722
11.36	0.00385169759375	-0.275071776695
11.38	0.0038326741111	-0.274909629041
11.4	0.0038133950305	-0.274739009649
11.42	0.00379386374811	-0.274559834735
11.44	0.00377408375738	-0.274372020864
11.46	0.00375405864742	-0.27417548497
11.48	0.00373379210134	-0.273970144373
11.5	0.00371328789445	-0.273755916804
11.52	0.0036925498925	-0.273532720419
11.54	0.00367158204982	-0.273300473827
11.56	0.00365038840734	-0.273059096102
11.58	0.00362897309069	-0.272808506809
11.6	0.00360734030811	-0.272548626025
11.62	0.00358549434839	-0.272279374354
11.64	0.00356343957875	-0.272000672955
11.66	0.00354118044259	-0.271712443555
11.68	0.00351872145734	-0.271414608476
11.7	0.0034960672121	-0.271107090652
11.72	0.00347322236536	-0.270789813652
11.74	0.00345019164261	-0.270462701698
11.76	0.00342697983392	-0.270125679686
11.78	0.0034035917915	-0.269778673211
11.8	0.00338003242718	-0.269421608578
11.82	0.00335630670992	-0.269054412834
11.84	0.00333241966321	-0.268677013778
11.86	0.00330837636249	-0.268289339987
11.88	0.0032841819325	-0.267891320837
11.9	0.00325984154465	-0.267482886515
11.92	0.00323536041434	-0.267063968051
11.94	0.0032107437982	-0.266634497324
11.96	0.00318599699142	-0.266194407095
11.98	0.00316112532496	-0.265743631014
12.0	0.00313613416281	-0.265282103649
12.02	0.00311102889916	-0.264809760498
12.04	0.00308581495564	-0.264326538011
12.06	0.00306049777849	-0.263832373608
12.08	0.00303508283575	-0.263327205698
12.1	0.00300957561442	-0.262810973695
12.12	0.00298398161763	-0.262283618035
12.14	0.00295830636181	-0.261745080199
12.16	0.00293255537384	-0.261195302723
12.18	0.00290673418824	-0.260634229219
12.2	0.0028808483443	-0.260061804391
12.22	0.0028549033833	-0.259477974051
12.24	0.00282890484566	-0.258882685135
12.26	0.00280285826817	-0.258275885718
12.28	0.00277676918115	-0.257657525029
12.3	0.0027506431057	-0.257027553468
12.32	0.00272448555097	-0.256385922618
12.34	0.00269830201136	-0.255732585261
12.36	0.00267209796385	-0.255067495391
12.38	0.00264587886527	-0.254390608225
12.4	0.00261965014965	-0.253701880221
12.42	0.00259341722561	-0.253001269088
12.44	0.00256718547367	-0.252288733795
12.46	0.00254096024374	-0.25156423459
12.48	0.00251474685258	-0.250827733003
12.5	0.00248855058121	-0.250079191863
12.52	0.00246237667254	-0.249318575307
12.54	0.00243623032888	-0.248545848789
12.56	0.00241011670954	-0.247760979088
12.58	0.00238404092853	-0.246963934321
12.6	0.00235800805223	-0.246154683949
12.62	0.00233202309713	-0.245333198786
12.64	0.00230609102762	-0.244499451007
12.66	0.00228021675385	-0.243653414154
12.68	0.00225440512961	-0.242795063143
12.7	0.00222866095029	-0.241924374272
12.72	0.00220298895085	-0.241041325224
12.74	0.0021773938039	-0.240145895075
12.76	0.00215188011779	-0.239238064299
12.78	0.0021264524348	-0.238317814768
12.8	0.00210111522935	-0.237385129761
12.82	0.00207587290631	-0.236439993965
12.84	0.00205072979929	-0.235482393478
12.86	0.00202569016912	-0.234512315811
12.88	0.00200075820229	-0.233529749891
12.9	0.00197593800945	-0.232534686064
12.92	0.00195123362408	-0.23152711609
12.94	0.00192664900108	-0.230507033151
12.96	0.00190218801555	-0.229474431845
12.98	0.00187785446157	-0.22842930819
13.0	0.00185365205103	-0.22737165962
13.02	0.0018295844126	-0.226301484984
13.04	0.00180565509069	-0.225218784548
13.06	0.00178186754455	-0.224123559986
13.08	0.00175822514732	-0.223015814382
13.1	0.00173473118533	-0.221895552227
13.12	0.00171138885726	-0.220762779412
13.14	0.00168820127353	-0.219617503228
13.16	0.00166517145569	-0.218459732357
13.18	0.00164230233587	-0.217289476871
13.2	0.00161959675629	-0.216106748225
13.22	0.00159705746889	-0.214911559251
13.24	0.001574687135	-0.213703924154
13.26	0.00155248832501	-0.212483858501
13.28	0.00153046351822	-0.211251379218
13.3	0.00150861510268	-0.210006504582
13.32	0.0014869453751	-0.208749254213
13.34	0.00146545654083	-0.207479649065
13.36	0.00144415071394	-0.206197711419
13.38	0.00142302991729	-0.204903464873
13.4	0.00140209608272	-0.203596934335
13.42	0.00138135105127	-0.202278146012
13.44	0.0013607965735	-0.200947127401
13.46	0.00134043430978	-0.199613380968
13.48	0.00132026581076	-0.198287170425
13.5	0.00130029249783	-0.196968470175
13.52	0.00128051566636	-0.195657250219
13.54	0.00126093648888	-0.194353480342
13.56	0.00124155601831	-0.19305713013
13.58	0.00122237519112	-0.191768168984
13.6	0.00120339483044	-0.190486566136
13.62	0.00118461564922	-0.189212290662
13.64	0.00116603825326	-0.187945311494
13.66	0.00114766314429	-0.186685597435
13.68	0.00112949072301	-0.185433117169
13.7	0.00111152129199	-0.184187839277
13.72	0.00109375505873	-0.182949732242
13.74	0.00107619213846	-0.181718764467
13.76	0.0010588325571	-0.180494904279
13.78	0.00104167625403	-0.179278119945
13.8	0.00102472308492	-0.178068379674
13.82	0.00100797282447	-0.176865651637
13.84	0.000991425169121	-0.175669903965
13.86	0.000975079739721	-0.174481104764
13.88	0.000958936084165	-0.173299222122
13.9	0.000942993679964	-0.172124224113
13.92	0.000927251936793	-0.170956078811
13.94	0.000911710198986	-0.169794754289
13.96	0.000896367747984	-0.168640218634
13.98	0.000881223804747	-0.167492439946
14.0	0.000866277532114	-0.166351386348
14.02	0.000851528037118	-0.165217025991
14.04	0.000836974373266	-0.164089327059
14.06	0.000822615542755	-0.162968257774
14.08	0.000808450498665	-0.161853786401
14.1	0.000794478147088	-0.160745881252
14.12	0.000780697349223	-0.159644510693
14.14	0.000767106923422	-0.158549643143
14.16	0.000753705647191	-0.157461247082
14.18	0.00074049225915	-0.156379291052
14.2	0.000727465460942	-0.155303743664
14.22	0.000714623919103	-0.154234573596
14.24	0.000701966266888	-0.153171749599
14.26	0.000689491106048	-0.152115240499
14.28	0.000677197008573	-0.151065015201
14.3	0.00066508251838	-0.150021042687
14.32	0.000653146152969	-0.148983292025
14.34	0.000641386405034	-0.147951732362
14.36	0.000629801744026	-0.146926332936
14.38	0.000618390617685	-0.145907063067
14.4	0.00060715145352	-0.144893892168
14.42	0.00059608266026	-0.143886789741
14.44	0.000585182629257	-0.142885725377
14.46	0.000574449735848	-0.141890668763
14.48	0.000563882340691	-0.140901589677
14.5	0.000553478791043	-0.139918457991
14.52	0.000543237422021	-0.138941243673
14.54	0.000533156557807	-0.137969916786
14.56	0.000523234512832	-0.137004447489
14.58	0.000513469592911	-0.136044806036
14.6	0.000503860096351	-0.13509096278
14.62	0.00049440431502	-0.134142888168
14.64	0.000485100535385	-0.133200552746
14.66	0.00047594703951	-0.132263927156
14.68	0.000466942106028	-0.131332982138
14.7	0.000458084011075	-0.130407688527
14.72	0.000449371029195	-0.129488017256
14.74	0.00044080143421	-0.128573939354
14.76	0.000432373500066	-0.127665425948
14.78	0.000424085501642	-0.126762448256
14.8	0.00041593571553	-0.125864977598
14.82	0.000407922420789	-0.124972985383
14.84	0.000400043899672	-0.124086443119
14.86	0.000392298438318	-0.123205322405
14.88	0.000384684327425	-0.122329594936
14.9	0.000377199862887	-0.121459232497
14.92	0.000369843346419	-0.120594206968
14.94	0.000362613086138	-0.11973449032
14.96	0.000355507397138	-0.118880054614
14.98	0.000348524602024	-0.118030872001
15.0	0.000341663031436	-0.117186914723
15.02	0.00033492102454	-0.116348155111
15.04	0.000328296929502	-0.115514565581
15.06	0.000321789103936	-0.114686118641
15.08	0.000315395915334	-0.113862786881
15.1	0.000309115741476	-0.11304454298
15.12	0.00030294697081	-0.112231359699
15.14	0.000296888002827	-0.111423209886
15.16	0.000290937248404	-0.11062006647
15.18	0.000285093130134	-0.109821902464
15.2	0.000279354082638	-0.109028690961
15.22	0.000273718552854	-0.108240405137
15.24	0.000268185000319	-0.107457018244
15.26	0.00026275189742	-0.106678503617
15.28	0.000257417729643	-0.105904834668
15.3	0.000252180995794	-0.105135984886
15.32	0.000247040208211	-0.104371927835
15.34	0.000241993892965	-0.103612637159
15.36	0.000237040590033	-0.102858086572
15.38	0.000232178853472	-0.102108249865
15.4	0.00022740725157	-0.101363100902
15.42	0.000222724366987	-0.100622613617
15.44	0.000218128796883	-0.0998867620195
15.46	0.000213619153033	-0.0991555201864
15.48	0.000209194061929	-0.0984288622661
15.5	0.000204852164877	-0.0977067624757
15.52	0.00020059211807	-0.0969891951011
15.54	0.000196412592665	-0.0962761344954
15.56	0.00019231227484	-0.0955675550786
15.58	0.00018828986584	-0.0948634313369
15.6	0.000184344082024	-0.0941637378217
15.62	0.000180473654888	-0.093468449149
15.64	0.000176677331093	-0.0927775399985
15.66	0.000172953872473	-0.0920909851132
15.68	0.000169302056041	-0.0914087592981
15.7	0.000165720673987	-0.0907308374202
15.72	0.000162208533666	-0.0900571944072
15.74	0.000158764457578	-0.0893878052471
15.76	0.000155387283345	-0.0887226449874
15.78	0.000152075863676	-0.0880616887344
15.8	0.000148829066329	-0.0874049116527
15.82	0.000145645774068	-0.0867522889643
15.84	0.000142524884609	-0.0861037959481
15.86	0.000139465310563	-0.085459407939
15.88	0.000136465979376	-0.0848191003275
15.9	0.000133525833261	-0.0841828485591
15.92	0.000130643829125	-0.0835506281335
15.94	0.000127818938491	-0.0829224146038
15.96	0.000125050147418	-0.0822981835763
15.98	0.000122336456416	-0.0816779107095
16.0	0.000119676880352	-0.0810615717138
16.02	0.000117070448362	-0.0804491423506
16.04	0.000114516203748	-0.0798405984318
16.06	0.000112013203883	-0.0792359158194
16.08	0.000109560520101	-0.0786350704243
16.1	0.000107157237595	-0.0780380382065
16.12	0.000104802455304	-0.0774447951739
16.14	0.000102495285803	-0.076855317382
16.16	0.000100234855185	-0.0762695809332
16.18	9.80203029441e-05	-0.075687561976
16.2	9.58507818596e-05	-0.0751092367049
16.22	9.37254578692e-05	-0.0745345813594
16.24	9.16435099485e-05	-0.0739635722236
16.26	8.96041299847e-05	-0.0733961856254
16.28	8.76065226502e-05	-0.072832397936
16.3	8.56499052737e-05	-0.0722721855696
16.32	8.37335077108e-05	-0.0717155249823
16.34	8.18565722133e-05	-0.0711623926718
16.36	8.00183532967e-05	-0.0706127651765
16.38	7.82181176077e-05	-0.0700666190754
16.4	7.64551437901e-05	-0.0695239309871
16.42	7.47287223504e-05	-0.0689846775689
16.44	7.30381555226e-05	-0.0684488355171
16.46	7.13827571323e-05	-0.0679163815651
16.48	6.97618524609e-05	-0.067387292484
16.5	6.81747781085e-05	-0.066861545081
16.52	6.66208818577e-05	-0.0663391161992
16.54	6.50995225362e-05	-0.0658199827168
16.56	6.36100698801e-05	-0.0653041215465
16.58	6.21519043965e-05	-0.0647915096346
16.6	6.07244172267e-05	-0.0642821239605
16.62	5.93270100097e-05	-0.0637759415359
16.64	5.79590947448e-05	-0.0632729394042
16.66	5.66200936558e-05	-0.0627730946394
16.68	5.53094390549e-05	-0.0622763843457
16.7	5.4026573207e-05	-0.0617827856564
16.72	5.27709481946e-05	-0.0612922757337
16.74	5.15420257832e-05	-0.060804831767
16.76	5.03392772869e-05	-0.0603204309729
16.78	4.91621834356e-05	-0.0598390505938
16.8	4.80102342416e-05	-0.0593606678973
16.82	4.68829288679e-05	-0.0588852601754
16.84	4.57797754967e-05	-0.0584128047431
16.86	4.47002911991e-05	-0.0579432789383
16.88	4.36440018052e-05	-0.05747666012
16.9	4.26104417754e-05	-0.0570129256678
16.92	4.15991540725e-05	-0.0565520529807
16.94	4.06096900348e-05	-0.0560940194764
16.96	3.96416092501e-05	-0.0556388025899
16.98	3.86944794306e-05	-0.0551863797724
17.0	3.77678762891e-05	-0.0547367284904
17.02	3.6861383416e-05	-0.0542898262247
17.04	3.59745921576e-05	-0.0538456504688
17.06	3.51071014953e-05	-0.0534041787279
17.08	3.42585179258e-05	-0.0529653885177
17.1	3.3428455343e-05	-0.0525292573632
17.12	3.26165349204e-05	-0.0520957627972
17.14	3.18223849952e-05	-0.0516648823592
17.16	3.10456409528e-05	-0.0512365935937
17.18	3.0285945114e-05	-0.050810874049
17.2	2.95429466214e-05	-0.0503877012758
17.22	2.88163013286e-05	-0.0499670528254
17.24	2.81056716904e-05	-0.0495489062486
17.26	2.74107266532e-05	-0.0491332390935
17.28	2.67311415478e-05	-0.0487200289045
17.3	2.60665979833e-05	-0.0483092532201
17.32	2.54167837414e-05	-0.0479008895713
17.34	2.4781392673e-05	-0.04749491548
17.36	2.41601245954e-05	-0.047091308457
17.38	2.35526851913e-05	-0.0466900459999
17.4	2.29587859083e-05	-0.0462911055915
17.42	2.23781438607e-05	-0.0458944646975
17.44	2.18104817314e-05	-0.0455001007644
17.46	2.12555276762e-05	-0.0451079912176
17.48	2.07130152285e-05	-0.0447181134588
17.5	2.01826832061e-05	-0.044330444864
17.52	1.96642756181e-05	-0.0439449627809
17.54	1.91575415743e-05	-0.0435616445266
17.56	1.86622351951e-05	-0.0431804673852
17.58	1.8178115523e-05	-0.0428014086046
17.6	1.77049464348e-05	-0.0424244453946
17.62	1.72424965561e-05	-0.0420495549235
17.64	1.6790539176e-05	-0.0416767143154
17.66	1.63488521634e-05	-0.0413059006475
17.68	1.59172178847e-05	-0.0409370909464
17.7	1.54954231226e-05	-0.0405702621855
17.72	1.50832589959e-05	-0.0402053912816
17.74	1.46805208809e-05	-0.0398424550911
17.76	1.42870083337e-05	-0.039481430407
17.78	1.39025250137e-05	-0.0391222939549
17.8	1.35268786084e-05	-0.0387650223894
17.82	1.31598807595e-05	-0.0384095922901
17.84	1.28013469895e-05	-0.0380559801577
17.86	1.24510966304e-05	-0.0377041624097
17.88	1.21089527529e-05	-0.0373541153759
17.9	1.17747420968e-05	-0.0370058152943
17.92	1.14482950028e-05	-0.0366592383061
17.94	1.11294453451e-05	-0.0363143604511
17.96	1.08180304651e-05	-0.0359711576626
17.98	1.05138911065e-05	-0.0356296057623
18.0	1.02168713513e-05	-0.0352896804545
18.02	9.92681855665e-06	-0.0349513573211
18.04	9.6435832932e-06	-0.0346146118156
18.06	9.36701928402e-06	-0.034279419257
18.08	9.09698334492e-06	-0.0339457548234
18.1	8.83333532561e-06	-0.0336135935458
18.12	8.57593805189e-06	-0.0332829103012
18.14	8.32465726887e-06	-0.0329536798057
18.16	8.07936158518e-06	-0.0326258766071
18.18	7.83992241811e-06	-0.0322994750772
18.2	7.60621393974e-06	-0.0319744494041
18.22	7.37811302406e-06	-0.0316507735842
18.24	7.15549919492e-06	-0.0313284214129
18.26	6.93825457505e-06	-0.0310073664765
18.28	6.72626383588e-06	-0.0306875821427
18.3	6.51941414834e-06	-0.0303690415504
18.32	6.3175951345e-06	-0.0300517176006
18.34	6.12069882012e-06	-0.029735582945
18.36	5.92861958809e-06	-0.0294206099756
18.38	5.74125413266e-06	-0.029106770813
18.4	5.55850141462e-06	-0.0287940372946
18.42	5.38026261722e-06	-0.0284823809621
18.44	5.20644110294e-06	-0.0281717730487
18.46	5.03694237115e-06	-0.0278621844652
18.48	4.87167401645e-06	-0.0275535857859
18.5	4.71054568788e-06	-0.0272459472341
18.52	4.55346904892e-06	-0.0269392386661
18.54	4.40035773819e-06	-0.0266334295554
18.56	4.25112733098e-06	-0.0263284889755
18.58	4.10569530149e-06	-0.0260243855824
18.6	3.96398098581e-06	-0.0257210875957
18.62	3.82590554566e-06	-0.0254185627796
18.64	3.69139193278e-06	-0.0251167784222
18.66	3.56036485412e-06	-0.0248157013145
18.68	3.4327507376e-06	-0.0245152977279
18.7	3.30847769871e-06	-0.0242155333909
18.72	3.18747550765e-06	-0.0239163734648
18.74	3.06967555721e-06	-0.0236177825179
18.76	2.95501083127e-06	-0.0233197244989
18.78	2.843415874e-06	-0.0230221627088
18.8	2.73482675962e-06	-0.0227250597713
18.82	2.62918106286e-06	-0.0224283776026
18.84	2.52641782999e-06	-0.0221320773785
18.86	2.42647755049e-06	-0.0218361195018
18.88	2.32930212927e-06	-0.0215404635663
18.9	2.23483485958e-06	-0.0212450683208
18.92	2.14302039639e-06	-0.0209498916307
18.94	2.05380473042e-06	-0.0206548904386
18.96	1.96713516271e-06	-0.0203600207226
18.98	1.88296027973e-06	-0.020065237454
19.0	1.80122992909e-06	-0.0197704945531
19.02	1.72189519572e-06	-0.0194757448434
19.04	1.64490837867e-06	-0.019180940005
19.06	1.57022296833e-06	-0.0188860305271
19.08	1.49779362428e-06	-0.0185909656595
19.1	1.42757615358e-06	-0.0182956933639
19.12	1.35952748955e-06	-0.0180001602653
19.14	1.29360567111e-06	-0.0177043116049
19.16	1.22976982257e-06	-0.0174080911937
19.18	1.16798013389e-06	-0.0171114413704
19.2	1.10819784145e-06	-0.016814302962
19.22	1.05038520925e-06	-0.0165166152521
19.24	9.94505510609e-07	-0.016218315957
19.26	9.4052301031e-07	-0.0159193412138
19.28	8.88402947169e-07	-0.0156196255833
19.3	8.38111517082e-07	-0.0153191020745
19.32	7.89615856493e-07	-0.015017702195
19.34	7.42884026298e-07	-0.0147153560367
19.36	6.97884996179e-07	-0.0144119924067
19.38	6.54588629353e-07	-0.0141075390169
19.4	6.12965667747e-07	-0.0138019227497
19.42	5.72987717578e-07	-0.0134950700219
19.44	5.34627235344e-07	-0.0131869072757
19.46	4.97857514215e-07	-0.0128773616354
19.48	4.62652670826e-07	-0.0125663617775
19.5	4.28987632458e-07	-0.012253839081
19.52	3.96838124613e-07	-0.0119397291427
19.54	3.66180658979e-07	-0.0116239737705
19.56	3.36992521765e-07	-0.0113065236077
19.58	3.09251762428e-07	-0.0109873415904
19.6	2.82937182767e-07	-0.0106664075115
19.62	2.58028326394e-07	-0.0103437240616
19.64	2.34505468568e-07	-0.01001932485
19.66	2.12349606403e-07	-0.00969328509385
19.68	1.91542449433e-07	-0.00936573591608
19.7	1.72066410537e-07	-0.0090368835449
19.72	1.53904597227e-07	-0.00870703518741
19.74	1.37040803286e-07	-0.00837663399718
19.76	1.21459500754e-07	-0.00804630640754
19.78	1.07145832269e-07	-0.00771692616431
19.8	9.40856037386e-08	-0.00738970058882
19.82	8.22652773593e-08	-0.00706628563563
19.84	7.16719649518e-08	-0.00674893639661
19.86	6.22934216183e-08	-0.00644069706431
19.88	5.4118039696e-08	-0.00614562545468
19.9	4.71348429878e-08	-0.00586902594474
19.92	4.1333481237e-08	-0.00561762337803
19.94	3.67042248033e-08	-0.00539954633354
19.96	3.32379594811e-08	-0.00522392194635
19.98	3.09261813878e-08	-0.00509988810989
