0 0.350954519678
0.05 0.349668268231
0.1 0.348405288266
0.15000000000000002 0.347164831476
0.2 0.34594618387
0.25 0.344748663749
0.3 0.343571619814
0.35 0.342414429418
0.39999999999999997 0.341276496937
0.44999999999999996 0.34015725225
0.49999999999999994 0.339056149337
0.5499999999999999 0.337972664953
0.6 0.336906297403
0.65 0.335856565399
0.7000000000000001 0.33482300698
0.7500000000000001 0.33380517851
0.8000000000000002 0.332802653742
0.8500000000000002 0.331815022932
0.9000000000000002 0.330841892012
0.9500000000000003 0.329882881818
1.0000000000000002 0.328937627357
1.0500000000000003 0.328005777123
1.1000000000000003 0.327086992452
1.1500000000000004 0.326180946915
1.2000000000000004 0.325287325744
1.2500000000000004 0.324405825295
1.3000000000000005 0.323536152537
1.3500000000000005 0.322678024574
1.4000000000000006 0.321831168189
1.4500000000000006 0.320995319414
1.5000000000000007 0.32017022313
1.5500000000000007 0.319355632674
1.6000000000000008 0.318551309485
1.6500000000000008 0.317757022752
1.7000000000000008 0.316972549093
1.7500000000000009 0.31619767224
1.800000000000001 0.315432182752
1.850000000000001 0.314675877728
1.900000000000001 0.313928560549
1.950000000000001 0.313190040622
2.000000000000001 0.312460133142
2.0500000000000007 0.311738658862
2.1000000000000005 0.311025443881
2.1500000000000004 0.310320319432
2.2 0.309623121689
2.25 0.308933691577
2.3 0.308251874595
2.3499999999999996 0.307577520646
2.3999999999999995 0.30691048387
2.4499999999999993 0.306250622495
2.499999999999999 0.305597798684
2.549999999999999 0.304951878395
2.5999999999999988 0.304312731242
2.6499999999999986 0.303680230374
2.6999999999999984 0.30305425234
2.7499999999999982 0.302434676979
2.799999999999998 0.301821387302
2.849999999999998 0.301214269384
2.8999999999999977 0.300613212263
2.9499999999999975 0.300018107834
2.9999999999999973 0.299428850759
3.049999999999997 0.298845338371
3.099999999999997 0.298267470589
3.149999999999997 0.297695149833
3.1999999999999966 0.297128280942
3.2499999999999964 0.296566771095
3.2999999999999963 0.296010529739
3.349999999999996 0.295459468515
3.399999999999996 0.294913501191
3.4499999999999957 0.294372543592
3.4999999999999956 0.293836513541
3.5499999999999954 0.293305330792
3.599999999999995 0.292778916976
3.649999999999995 0.292257195541
3.699999999999995 0.291740091699
3.7499999999999947 0.291227532372
3.7999999999999945 0.290719446141
3.8499999999999943 0.290215763197
3.899999999999994 0.289716415297
3.949999999999994 0.289221335714
3.999999999999994 0.288730459196
4.049999999999994 0.288243721921
4.099999999999993 0.28776106146
4.149999999999993 0.287282416734
4.199999999999993 0.28680772798
4.249999999999993 0.286336936708
4.299999999999993 0.285869985673
4.3499999999999925 0.285406818834
4.399999999999992 0.284947381328
4.449999999999992 0.284491619429
4.499999999999992 0.284039480527
4.549999999999992 0.28359091309
4.599999999999992 0.283145866641
4.6499999999999915 0.282704291724
4.699999999999991 0.282266139884
4.749999999999991 0.281831363636
4.799999999999991 0.28139991644
4.849999999999991 0.280971752679
4.899999999999991 0.280546827633
4.94999999999999 0.280125097456
4.99999999999999 0.279706519157
5.04999999999999 0.279291050574
5.09999999999999 0.278878650355
5.14999999999999 0.278469277939
5.1999999999999895 0.278062893535
5.249999999999989 0.277659458104
5.299999999999989 0.277258933336
5.349999999999989 0.276861281642
5.399999999999989 0.276466466125
5.449999999999989 0.276074450573
5.4999999999999885 0.275685199435
5.549999999999988 0.275298677811
5.599999999999988 0.274914851434
5.649999999999988 0.274533686653
5.699999999999988 0.274155150424
5.749999999999988 0.27377921029
5.799999999999987 0.273405834371
5.849999999999987 0.273034991351
5.899999999999987 0.272666650461
5.949999999999987 0.272300781471
5.999999999999987 0.271937354677
6.0499999999999865 0.271576340886
6.099999999999986 0.271217711409
6.149999999999986 0.270861438045
6.199999999999986 0.270507493074
6.249999999999986 0.270155849245
6.299999999999986 0.269806479766
6.349999999999985 0.269459358292
6.399999999999985 0.269114458918
6.449999999999985 0.26877175617
6.499999999999985 0.26843122499
6.549999999999985 0.268092840736
6.5999999999999845 0.267756579165
6.649999999999984 0.267422416428
6.699999999999984 0.267090329063
6.749999999999984 0.266760293986
6.799999999999984 0.266432288479
6.849999999999984 0.26610629019
6.8999999999999835 0.265782277119
6.949999999999983 0.265460227614
6.999999999999983 0.265140120361
7.049999999999983 0.264821934384
7.099999999999983 0.264505649027
7.149999999999983 0.264191243958
7.199999999999982 0.263878699157
7.249999999999982 0.263567994912
7.299999999999982 0.263259111809
7.349999999999982 0.262952030733
7.399999999999982 0.262646732856
7.4499999999999815 0.262343199632
7.499999999999981 0.262041412797
7.549999999999981 0.261741354355
7.599999999999981 0.261443006582
7.649999999999981 0.261146352012
7.699999999999981 0.260851373438
7.7499999999999805 0.260558053906
7.79999999999998 0.260266376708
7.84999999999998 0.25997632538
7.89999999999998 0.259687883694
7.94999999999998 0.259401035659
7.99999999999998 0.259115765511
8.04999999999998 0.258832057712
8.09999999999998 0.258549896946
8.14999999999998 0.258269268111
8.199999999999982 0.257990156321
8.249999999999982 0.257712546898
8.299999999999983 0.257436425369
8.349999999999984 0.257161777462
8.399999999999984 0.256888589105
8.449999999999985 0.256616846419
8.499999999999986 0.256346535717
8.549999999999986 0.256077643497
8.599999999999987 0.255810156444
8.649999999999988 0.255544061423
8.699999999999989 0.255279345478
8.74999999999999 0.255015995825
8.79999999999999 0.254753999855
8.84999999999999 0.254493345125
8.899999999999991 0.254234019361
8.949999999999992 0.253976010448
8.999999999999993 0.253719306435
9.049999999999994 0.253463895526
9.099999999999994 0.253209766081
9.149999999999995 0.252956906612
9.199999999999996 0.252705305781
9.249999999999996 0.252454952397
9.299999999999997 0.252205835413
9.349999999999998 0.251957943925
9.399999999999999 0.25171126717
9.45 0.251465794521
9.5 0.251221515487
9.55 0.250978419711
9.600000000000001 0.250736496966
9.650000000000002 0.250495737154
9.700000000000003 0.250256130306
9.750000000000004 0.250017666574
9.800000000000004 0.249780336236
9.850000000000005 0.24954412969
9.900000000000006 0.249309037453
9.950000000000006 0.249075050158
10.000000000000007 0.248842158555
10.050000000000008 0.248610353507
10.100000000000009 0.248379625989
10.15000000000001 0.248149967083
10.20000000000001 0.247921367983
10.25000000000001 0.247693819989
10.300000000000011 0.247467314504
10.350000000000012 0.247241843035
10.400000000000013 0.247017397192
10.450000000000014 0.246793968685
10.500000000000014 0.246571549321
10.550000000000015 0.246350131005
10.600000000000016 0.24612970574
10.650000000000016 0.245910265619
10.700000000000017 0.245691802832
10.750000000000018 0.245474309659
10.800000000000018 0.245257778469
10.85000000000002 0.245042201721
10.90000000000002 0.244827571961
10.95000000000002 0.244613881823
11.000000000000021 0.244401124024
11.050000000000022 0.244189291365
11.100000000000023 0.24397837673
11.150000000000023 0.243768373085
11.200000000000024 0.243559273475
11.250000000000025 0.243351071024
11.300000000000026 0.243143758936
11.350000000000026 0.242937330489
11.400000000000027 0.242731779038
11.450000000000028 0.242527098013
11.500000000000028 0.242323280918
11.55000000000003 0.242120321327
11.60000000000003 0.241918212888
11.65000000000003 0.241716949319
11.700000000000031 0.241516524407
11.750000000000032 0.241316932009
11.800000000000033 0.241118166048
11.850000000000033 0.240920220513
11.900000000000034 0.240723089462
11.950000000000035 0.240526767015
12.000000000000036 0.240331247358
12.050000000000036 0.240136524738
12.100000000000037 0.239942593466
12.150000000000038 0.239749447914
12.200000000000038 0.239557082514
12.250000000000039 0.239365491759
12.30000000000004 0.2391746702
12.35000000000004 0.238984612446
12.400000000000041 0.238795313164
12.450000000000042 0.238606767079
12.500000000000043 0.238418968969
12.550000000000043 0.238231913669
12.600000000000044 0.238045596069
12.650000000000045 0.237860011112
12.700000000000045 0.237675153793
12.750000000000046 0.23749101916
12.800000000000047 0.237307602314
12.850000000000048 0.237124898406
12.900000000000048 0.236942902638
12.950000000000049 0.236761610259
13.00000000000005 0.23658101657
13.05000000000005 0.236401116921
13.100000000000051 0.236221906706
13.150000000000052 0.23604338137
13.200000000000053 0.235865536402
13.250000000000053 0.235688367339
13.300000000000054 0.235511869763
13.350000000000055 0.235336039299
13.400000000000055 0.235160871618
13.450000000000056 0.234986362435
13.500000000000057 0.234812507507
13.550000000000058 0.234639302635
13.600000000000058 0.23446674366
13.650000000000059 0.234294826467
13.70000000000006 0.23412354698
13.75000000000006 0.233952901166
13.800000000000061 0.233782885028
13.850000000000062 0.233613494614
13.900000000000063 0.233444726006
13.950000000000063 0.233276575328
14.000000000000064 0.233109038741
14.050000000000065 0.232942112443
14.100000000000065 0.23277579267
14.150000000000066 0.232610075694
14.200000000000067 0.232444957825
14.250000000000068 0.232280435407
14.300000000000068 0.232116504821
14.350000000000069 0.23195316248
14.40000000000007 0.231790404837
14.45000000000007 0.231628228373
14.500000000000071 0.231466629607
14.550000000000072 0.231305605091
14.600000000000072 0.231145151407
14.650000000000073 0.230985265173
14.700000000000074 0.230825943037
14.750000000000075 0.230667181681
14.800000000000075 0.230508977815
14.850000000000076 0.230351328184
14.900000000000077 0.230194229561
14.950000000000077 0.23003767875
15.000000000000078 0.229881672585
15.050000000000079 0.229726207931
15.10000000000008 0.229571281679
15.15000000000008 0.229416890752
15.200000000000081 0.229263032101
15.250000000000082 0.229109702705
15.300000000000082 0.22895689957
15.350000000000083 0.22880461973
15.400000000000084 0.228652860248
15.450000000000085 0.228501618212
15.500000000000085 0.228350890738
15.550000000000086 0.228200674968
15.600000000000087 0.228050968068
15.650000000000087 0.227901767234
15.700000000000088 0.227753069683
15.750000000000089 0.227604872661
15.80000000000009 0.227457173437
15.85000000000009 0.227309969304
15.900000000000091 0.22716325758
15.950000000000092 0.227017035608
16.000000000000092 0.226871300755
16.050000000000093 0.226726050408
16.100000000000094 0.226581281982
16.150000000000095 0.226436992912
16.200000000000095 0.226293180657
16.250000000000096 0.226149842698
16.300000000000097 0.226006976537
16.350000000000097 0.225864579701
16.400000000000098 0.225722649736
16.4500000000001 0.225581184212
16.5000000000001 0.225440180716
16.5500000000001 0.225299636861
16.6000000000001 0.225159550279
16.6500000000001 0.22501991862
16.700000000000102 0.224880739558
16.750000000000103 0.224742010785
16.800000000000104 0.224603730014
16.850000000000104 0.224465894977
16.900000000000105 0.224328503426
16.950000000000106 0.224191553131
17.000000000000107 0.224055041882
17.050000000000107 0.223918967488
17.100000000000108 0.223783327776
17.15000000000011 0.223648120592
17.20000000000011 0.2235133438
17.25000000000011 0.223378995282
17.30000000000011 0.223245072937
17.35000000000011 0.223111574683
17.400000000000112 0.222978498455
17.450000000000113 0.222845842205
17.500000000000114 0.222713603902
17.550000000000114 0.222581781531
17.600000000000115 0.222450373096
17.650000000000116 0.222319376615
17.700000000000117 0.222188790125
17.750000000000117 0.222058611677
17.800000000000118 0.221928839338
17.85000000000012 0.221799471192
17.90000000000012 0.221670505337
17.95000000000012 0.22154193989
18.00000000000012 0.221413772979
18.05000000000012 0.221286002749
18.100000000000122 0.221158627361
18.150000000000123 0.22103164499
18.200000000000124 0.220905053824
18.250000000000124 0.220778852068
18.300000000000125 0.22065303794
18.350000000000126 0.220527609673
18.400000000000126 0.220402565514
18.450000000000127 0.220277903723
18.500000000000128 0.220153622574
18.55000000000013 0.220029720355
18.60000000000013 0.219906195368
18.65000000000013 0.219783045928
18.70000000000013 0.219660270362
18.75000000000013 0.219537867011
18.800000000000132 0.219415834229
18.850000000000133 0.219294170384
18.900000000000134 0.219172873853
18.950000000000134 0.21905194303
19.000000000000135 0.218931376317
19.050000000000136 0.218811172133
19.100000000000136 0.218691328905
19.150000000000137 0.218571845074
19.200000000000138 0.218452719092
19.25000000000014 0.218333949424
19.30000000000014 0.218215534545
19.35000000000014 0.218097472944
19.40000000000014 0.217979763118
19.45000000000014 0.217862403577
19.500000000000142 0.217745392844
19.550000000000143 0.21762872945
19.600000000000144 0.217512411938
19.650000000000144 0.217396438863
19.700000000000145 0.217280808789
19.750000000000146 0.217165520291
19.800000000000146 0.217050571955
19.850000000000147 0.216935962377
19.900000000000148 0.216821690165
19.95000000000015 0.216707753933
20.00000000000015 0.21659415231
20.05000000000015 0.216480883932
