0 0.352262371093
0.05 0.352259915132
0.1 0.352257459549
0.15000000000000002 0.352255004342
0.2 0.352252549512
0.25 0.352250095058
0.3 0.352247640981
0.35 0.352245187281
0.39999999999999997 0.352242733956
0.44999999999999996 0.352240281007
0.49999999999999994 0.352237828434
0.5499999999999999 0.352235376237
0.6 0.352232924414
0.65 0.352230472968
0.7000000000000001 0.352228021896
0.7500000000000001 0.352225571199
0.8000000000000002 0.352223120877
0.8500000000000002 0.352220670929
0.9000000000000002 0.352218221356
0.9500000000000003 0.352215772157
1.0000000000000002 0.352213323332
1.0500000000000003 0.352210874881
1.1000000000000003 0.352208426804
1.1500000000000004 0.352205979101
1.2000000000000004 0.35220353177
1.2500000000000004 0.352201084814
1.3000000000000005 0.35219863823
1.3500000000000005 0.352196192019
1.4000000000000006 0.35219374618
1.4500000000000006 0.352191300715
1.5000000000000007 0.352188855622
1.5500000000000007 0.352186410901
1.6000000000000008 0.352183966552
1.6500000000000008 0.352181522575
1.7000000000000008 0.35217907897
1.7500000000000009 0.352176635736
1.800000000000001 0.352174192874
1.850000000000001 0.352171750383
1.900000000000001 0.352169308263
1.950000000000001 0.352166866514
2.000000000000001 0.352164425136
2.0500000000000007 0.352161984129
2.1000000000000005 0.352159543492
2.1500000000000004 0.352157103225
2.2 0.352154663329
2.25 0.352152223802
2.3 0.352149784645
2.3499999999999996 0.352147345858
2.3999999999999995 0.35214490744
2.4499999999999993 0.352142469392
2.499999999999999 0.352140031713
2.549999999999999 0.352137594402
2.5999999999999988 0.352135157461
2.6499999999999986 0.352132720888
2.6999999999999984 0.352130284684
2.7499999999999982 0.352127848848
2.799999999999998 0.35212541338
2.849999999999998 0.352122978281
2.8999999999999977 0.352120543549
2.9499999999999975 0.352118109185
2.9999999999999973 0.352115675188
3.049999999999997 0.352113241559
3.099999999999997 0.352110808297
3.149999999999997 0.352108375402
3.1999999999999966 0.352105942874
3.2499999999999964 0.352103510713
3.2999999999999963 0.352101078918
3.349999999999996 0.35209864749
3.399999999999996 0.352096216428
3.4499999999999957 0.352093785732
3.4999999999999956 0.352091355402
3.5499999999999954 0.352088925437
3.599999999999995 0.352086495839
3.649999999999995 0.352084066606
3.699999999999995 0.352081637738
3.7499999999999947 0.352079209235
3.7999999999999945 0.352076781098
3.8499999999999943 0.352074353325
3.899999999999994 0.352071925917
3.949999999999994 0.352069498873
3.999999999999994 0.352067072194
4.049999999999994 0.352064645878
4.099999999999993 0.352062219927
4.149999999999993 0.35205979434
4.199999999999993 0.352057369117
4.249999999999993 0.352054944257
4.299999999999993 0.35205251976
4.3499999999999925 0.352050095627
4.399999999999992 0.352047671857
4.449999999999992 0.35204524845
4.499999999999992 0.352042825405
4.549999999999992 0.352040402724
4.599999999999992 0.352037980404
4.6499999999999915 0.352035558447
4.699999999999991 0.352033136852
4.749999999999991 0.35203071562
4.799999999999991 0.352028294749
4.849999999999991 0.352025874239
4.899999999999991 0.352023454091
4.94999999999999 0.352021034305
4.99999999999999 0.35201861488
5.04999999999999 0.352016195816
5.09999999999999 0.352013777113
5.14999999999999 0.35201135877
5.1999999999999895 0.352008940788
5.249999999999989 0.352006523167
5.299999999999989 0.352004105906
5.349999999999989 0.352001689005
5.399999999999989 0.351999272464
5.449999999999989 0.351996856283
5.4999999999999885 0.351994440462
5.549999999999988 0.351992025
5.599999999999988 0.351989609897
5.649999999999988 0.351987195154
5.699999999999988 0.35198478077
5.749999999999988 0.351982366744
5.799999999999987 0.351979953078
5.849999999999987 0.35197753977
5.899999999999987 0.35197512682
5.949999999999987 0.351972714229
5.999999999999987 0.351970301996
6.0499999999999865 0.351967890121
6.099999999999986 0.351965478604
6.149999999999986 0.351963067444
6.199999999999986 0.351960656642
6.249999999999986 0.351958246198
6.299999999999986 0.35195583611
6.349999999999985 0.35195342638
6.399999999999985 0.351951017007
6.449999999999985 0.35194860799
6.499999999999985 0.35194619933
6.549999999999985 0.351943791026
6.5999999999999845 0.351941383079
6.649999999999984 0.351938975488
6.699999999999984 0.351936568253
6.749999999999984 0.351934161374
6.799999999999984 0.351931754851
6.849999999999984 0.351929348683
6.8999999999999835 0.35192694287
6.949999999999983 0.351924537413
6.999999999999983 0.351922132311
7.049999999999983 0.351919727564
7.099999999999983 0.351917323172
7.149999999999983 0.351914919134
7.199999999999982 0.351912515451
7.249999999999982 0.351910112123
7.299999999999982 0.351907709148
7.349999999999982 0.351905306528
7.399999999999982 0.351902904261
7.4499999999999815 0.351900502349
7.499999999999981 0.351898100789
7.549999999999981 0.351895699584
7.599999999999981 0.351893298732
7.649999999999981 0.351890898232
7.699999999999981 0.351888498086
7.7499999999999805 0.351886098293
7.79999999999998 0.351883698853
7.84999999999998 0.351881299765
7.89999999999998 0.351878901029
7.94999999999998 0.351876502646
7.99999999999998 0.351874104615
8.04999999999998 0.351871706936
8.09999999999998 0.351869309609
8.14999999999998 0.351866912633
8.199999999999982 0.351864516009
8.249999999999982 0.351862119737
8.299999999999983 0.351859723815
8.349999999999984 0.351857328245
8.399999999999984 0.351854933026
8.449999999999985 0.351852538157
8.499999999999986 0.35185014364
8.549999999999986 0.351847749472
8.599999999999987 0.351845355655
8.649999999999988 0.351842962189
8.699999999999989 0.351840569072
8.74999999999999 0.351838176306
8.79999999999999 0.351835783889
8.84999999999999 0.351833391822
8.899999999999991 0.351831000104
8.949999999999992 0.351828608735
8.999999999999993 0.351826217716
9.049999999999994 0.351823827046
9.099999999999994 0.351821436725
9.149999999999995 0.351819046753
9.199999999999996 0.351816657129
9.249999999999996 0.351814267853
9.299999999999997 0.351811878926
9.349999999999998 0.351809490348
9.399999999999999 0.351807102117
9.45 0.351804714234
9.5 0.351802326699
9.55 0.351799939512
9.600000000000001 0.351797552672
9.650000000000002 0.351795166179
9.700000000000003 0.351792780033
9.750000000000004 0.351790394235
9.800000000000004 0.351788008783
9.850000000000005 0.351785623679
9.900000000000006 0.35178323892
9.950000000000006 0.351780854509
10.000000000000007 0.351778470443
10.050000000000008 0.351776086724
10.100000000000009 0.351773703351
10.15000000000001 0.351771320323
10.20000000000001 0.351768937642
10.25000000000001 0.351766555306
10.300000000000011 0.351764173315
10.350000000000012 0.35176179167
10.400000000000013 0.35175941037
10.450000000000014 0.351757029415
10.500000000000014 0.351754648805
10.550000000000015 0.35175226854
10.600000000000016 0.351749888619
10.650000000000016 0.351747509043
10.700000000000017 0.351745129811
10.750000000000018 0.351742750923
10.800000000000018 0.35174037238
10.85000000000002 0.35173799418
10.90000000000002 0.351735616324
10.95000000000002 0.351733238811
11.000000000000021 0.351730861642
11.050000000000022 0.351728484817
11.100000000000023 0.351726108335
11.150000000000023 0.351723732195
11.200000000000024 0.351721356399
11.250000000000025 0.351718980945
11.300000000000026 0.351716605834
11.350000000000026 0.351714231066
11.400000000000027 0.35171185664
11.450000000000028 0.351709482556
11.500000000000028 0.351707108814
11.55000000000003 0.351704735414
11.60000000000003 0.351702362356
11.65000000000003 0.351699989639
11.700000000000031 0.351697617264
11.750000000000032 0.351695245231
11.800000000000033 0.351692873539
11.850000000000033 0.351690502187
11.900000000000034 0.351688131177
11.950000000000035 0.351685760508
12.000000000000036 0.351683390179
12.050000000000036 0.351681020191
12.100000000000037 0.351678650543
12.150000000000038 0.351676281235
12.200000000000038 0.351673912268
12.250000000000039 0.351671543641
12.30000000000004 0.351669175353
12.35000000000004 0.351666807405
12.400000000000041 0.351664439797
12.450000000000042 0.351662072528
12.500000000000043 0.351659705599
12.550000000000043 0.351657339008
12.600000000000044 0.351654972757
12.650000000000045 0.351652606845
12.700000000000045 0.351650241271
12.750000000000046 0.351647876036
12.800000000000047 0.351645511139
12.850000000000048 0.351643146581
12.900000000000048 0.351640782361
12.950000000000049 0.351638418479
13.00000000000005 0.351636054935
13.05000000000005 0.351633691729
13.100000000000051 0.35163132886
13.150000000000052 0.351628966329
13.200000000000053 0.351626604135
13.250000000000053 0.351624242279
13.300000000000054 0.35162188076
13.350000000000055 0.351619519577
13.400000000000055 0.351617158732
13.450000000000056 0.351614798223
13.500000000000057 0.351612438051
13.550000000000058 0.351610078215
13.600000000000058 0.351607718716
13.650000000000059 0.351605359552
13.70000000000006 0.351603000725
13.75000000000006 0.351600642234
13.800000000000061 0.351598284078
13.850000000000062 0.351595926258
13.900000000000063 0.351593568773
13.950000000000063 0.351591211624
14.000000000000064 0.35158885481
14.050000000000065 0.351586498332
14.100000000000065 0.351584142188
14.150000000000066 0.351581786379
14.200000000000067 0.351579430904
14.250000000000068 0.351577075764
14.300000000000068 0.351574720959
14.350000000000069 0.351572366488
14.40000000000007 0.351570012351
14.45000000000007 0.351567658548
14.500000000000071 0.351565305079
14.550000000000072 0.351562951943
14.600000000000072 0.351560599142
14.650000000000073 0.351558246673
14.700000000000074 0.351555894538
14.750000000000075 0.351553542737
14.800000000000075 0.351551191268
14.850000000000076 0.351548840132
14.900000000000077 0.35154648933
14.950000000000077 0.351544138859
15.000000000000078 0.351541788722
15.050000000000079 0.351539438917
15.10000000000008 0.351537089444
15.15000000000008 0.351534740303
15.200000000000081 0.351532391494
15.250000000000082 0.351530043017
15.300000000000082 0.351527694872
15.350000000000083 0.351525347059
15.400000000000084 0.351522999577
15.450000000000085 0.351520652426
15.500000000000085 0.351518305607
15.550000000000086 0.351515959118
15.600000000000087 0.351513612961
15.650000000000087 0.351511267135
15.700000000000088 0.351508921639
15.750000000000089 0.351506576474
15.80000000000009 0.351504231639
15.85000000000009 0.351501887135
15.900000000000091 0.35149954296
15.950000000000092 0.351497199116
16.000000000000092 0.351494855602
16.050000000000093 0.351492512417
16.100000000000094 0.351490169563
16.150000000000095 0.351487827037
16.200000000000095 0.351485484841
16.250000000000096 0.351483142975
16.300000000000097 0.351480801437
16.350000000000097 0.351478460229
16.400000000000098 0.351476119349
16.4500000000001 0.351473778798
16.5000000000001 0.351471438576
16.5500000000001 0.351469098682
16.6000000000001 0.351466759117
16.6500000000001 0.35146441988
16.700000000000102 0.351462080971
16.750000000000103 0.35145974239
16.800000000000104 0.351457404137
16.850000000000104 0.351455066211
16.900000000000105 0.351452728613
16.950000000000106 0.351450391343
17.000000000000107 0.3514480544
17.050000000000107 0.351445717784
17.100000000000108 0.351443381495
17.15000000000011 0.351441045533
17.20000000000011 0.351438709898
17.25000000000011 0.35143637459
17.30000000000011 0.351434039608
17.35000000000011 0.351431704952
17.400000000000112 0.351429370623
17.450000000000113 0.351427036621
17.500000000000114 0.351424702944
17.550000000000114 0.351422369593
17.600000000000115 0.351420036568
17.650000000000116 0.351417703868
17.700000000000117 0.351415371494
17.750000000000117 0.351413039446
17.800000000000118 0.351410707723
17.85000000000012 0.351408376324
17.90000000000012 0.351406045251
17.95000000000012 0.351403714503
18.00000000000012 0.35140138408
18.05000000000012 0.351399053981
18.100000000000122 0.351396724207
18.150000000000123 0.351394394757
18.200000000000124 0.351392065632
18.250000000000124 0.351389736831
18.300000000000125 0.351387408353
18.350000000000126 0.3513850802
18.400000000000126 0.35138275237
18.450000000000127 0.351380424864
18.500000000000128 0.351378097682
18.55000000000013 0.351375770822
18.60000000000013 0.351373444287
18.65000000000013 0.351371118074
18.70000000000013 0.351368792184
18.75000000000013 0.351366466617
18.800000000000132 0.351364141373
18.850000000000133 0.351361816452
18.900000000000134 0.351359491853
18.950000000000134 0.351357167577
19.000000000000135 0.351354843622
19.050000000000136 0.35135251999
19.100000000000136 0.35135019668
19.150000000000137 0.351347873692
19.200000000000138 0.351345551026
19.25000000000014 0.351343228681
19.30000000000014 0.351340906658
19.35000000000014 0.351338584956
19.40000000000014 0.351336263575
19.45000000000014 0.351333942516
19.500000000000142 0.351331621777
19.550000000000143 0.35132930136
19.600000000000144 0.351326981263
19.650000000000144 0.351324661487
19.700000000000145 0.351322342031
19.750000000000146 0.351320022896
19.800000000000146 0.351317704081
19.850000000000147 0.351315385586
19.900000000000148 0.351313067412
19.95000000000015 0.351310749557
20.00000000000015 0.351308432022
20.05000000000015 0.351306114807
