0 0.0350510820176
0.05 0.348811358522
0.1 0.0690796801271
0.15000000000000002 0.342205883701
0.2 0.101144471152
0.25 0.333017483959
0.3 0.13045693366
0.35 0.32201794292
0.39999999999999997 0.156435305593
0.44999999999999996 0.310091559609
0.49999999999999994 0.178735188278
0.5499999999999999 0.298129157714
0.6 0.197254364924
0.65 0.286920284528
0.7000000000000001 0.212112893911
0.7500000000000001 0.277061966057
0.8000000000000002 0.223612775348
0.8500000000000002 0.268903461538
0.9000000000000002 0.232184013609
0.9500000000000003 0.262540212199
1.0000000000000002 0.238325337025
1.0500000000000003 0.257856014909
1.1000000000000003 0.242547936868
1.1500000000000004 0.254596564208
1.2000000000000004 0.245329278156
1.2500000000000004 0.252449294591
1.3000000000000005 0.247081511556
1.3500000000000005 0.251108137854
1.4000000000000006 0.248135812701
1.4500000000000006 0.250313066985
1.5000000000000007 0.248740890411
1.5500000000000007 0.249865383749
1.6000000000000008 0.249071737197
1.6500000000000008 0.249625890056
1.7000000000000008 0.249243902234
1.7500000000000009 0.249504181013
1.800000000000001 0.249329076966
1.850000000000001 0.249445452076
1.900000000000001 0.24936909448
1.950000000000001 0.249418566088
2.000000000000001 0.24938692605
2.0500000000000007 0.249406906034
2.1000000000000005 0.2493944427
2.1500000000000004 0.249402138007
2.2 0.249397408003
2.25 0.249400349017
2.3 0.249398423454
2.3499999999999996 0.249399862336
2.3999999999999995 0.249398511755
2.4499999999999993 0.249400130735
2.499999999999999 0.249397850775
2.549999999999999 0.249401299387
2.5999999999999988 0.249395966044
2.6499999999999986 0.249404228985
2.6999999999999984 0.249391499565
2.7499999999999982 0.249410947495
2.799999999999998 0.249381504928
2.849999999999998 0.249425658221
2.8999999999999977 0.249360064658
2.9499999999999975 0.249456579721
2.9999999999999973 0.24931588197
3.049999999999997 0.249519020867
3.099999999999997 0.24922838421
3.149999999999997 0.24964015959
3.1999999999999966 0.249061840004
3.2499999999999964 0.249865907914
3.2999999999999963 0.248757118212
3.349999999999996 0.250269872206
3.399999999999996 0.248221095598
3.4499999999999957 0.250963597976
3.4999999999999956 0.247314404415
3.5499999999999954 0.252105920266
3.599999999999995 0.245839151193
3.649999999999995 0.253907433249
3.699999999999995 0.243529232771
3.7499999999999947 0.256624397042
3.7999999999999945 0.240046587548
3.8499999999999943 0.26053598874
3.899999999999994 0.234986781714
3.949999999999994 0.26590125779
3.999999999999994 0.227896508786
4.049999999999994 0.272898410909
4.099999999999993 0.218303908882
4.149999999999993 0.281557771915
4.199999999999993 0.205760401451
4.249999999999993 0.291706602924
4.299999999999993 0.18989044359
4.3499999999999925 0.302943986807
4.399999999999992 0.170443753974
4.449999999999992 0.314655997131
4.499999999999992 0.147343471506
4.549999999999992 0.326069719057
4.599999999999992 0.120723816253
4.6499999999999915 0.336335444452
4.699999999999991 0.0909530082013
4.749999999999991 0.344622569235
4.799999999999991 0.0586477988174
4.849999999999991 0.350215318788
4.899999999999991 0.0248094341869
4.94999999999999 0.352596839281
4.99999999999999 0.0122073830942
5.04999999999999 0.351512689504
5.09999999999999 0.0461399640106
5.14999999999999 0.34700692751
5.1999999999999895 0.079755604957
5.249999999999989 0.339426045981
5.299999999999989 0.111347277672
5.349999999999989 0.329388277282
5.399999999999989 0.140064656969
5.449999999999989 0.317718531515
5.4999999999999885 0.165313200783
5.549999999999988 0.305352893742
5.599999999999988 0.186754355395
5.649999999999988 0.293221914282
5.699999999999988 0.204307701569
5.749999999999988 0.282129215757
5.799999999999987 0.218130186
5.849999999999987 0.272649378789
5.899999999999987 0.228572479656
5.949999999999987 0.265071218866
5.999999999999987 0.236118727598
6.0499999999999865 0.25940302543
6.099999999999986 0.241319028585
6.149999999999986 0.255435340747
6.199999999999986 0.24472503275
6.249999999999986 0.252835580402
6.299999999999986 0.246837935433
6.349999999999985 0.251241081097
6.399999999999985 0.248074962014
6.449999999999985 0.250326200099
6.499999999999985 0.24875592922
6.549999999999985 0.249835793705
6.5999999999999845 0.249107000101
6.649999999999984 0.249590792699
6.699999999999984 0.249275761842
6.749999999999984 0.249477115477
6.799999999999984 0.249351020091
6.849999999999984 0.249428366081
6.8999999999999835 0.249381961872
6.949999999999983 0.249409171633
6.999999999999983 0.249393593311
7.049999999999983 0.249402304523
7.099999999999983 0.249397529321
7.149999999999983 0.249400133995
7.199999999999982 0.249398652928
7.249999999999982 0.249399633228
7.299999999999982 0.249398763767
7.349999999999982 0.249399804471
7.399999999999982 0.249398332432
7.4499999999999815 0.249400540175
7.499999999999981 0.249397186661
7.549999999999981 0.249402270026
7.599999999999981 0.249394612666
7.649999999999981 0.249406062356
7.699999999999981 0.249389072341
7.7499999999999805 0.249414089354
7.79999999999998 0.249377534562
7.84999999999998 0.249430534974
7.89999999999998 0.249354274492
7.94999999999998 0.249463147907
7.99999999999998 0.249308884845
8.04999999999998 0.249525733407
8.09999999999998 0.249223162759
8.14999999999998 0.249641922727
8.199999999999982 0.249066506967
8.249999999999982 0.249850508871
8.299999999999983 0.248789528176
8.349999999999984 0.250212409178
8.399999999999984 0.248315797924
8.449999999999985 0.250818804835
8.499999999999986 0.247532081039
8.549999999999986 0.251799127505
8.599999999999987 0.246278008114
8.649999999999988 0.253326326802
8.699999999999989 0.244336858534
8.74999999999999 0.255615508243
8.79999999999999 0.241429761936
8.84999999999999 0.258911212927
8.899999999999991 0.237215952751
8.949999999999992 0.263459338155
8.999999999999993 0.231301521995
9.049999999999994 0.269462964712
9.099999999999994 0.223258312883
9.149999999999995 0.277027158291
9.199999999999996 0.212653279575
9.249999999999996 0.286104195138
9.299999999999997 0.199086998147
9.349999999999998 0.296454106056
9.399999999999999 0.182238398083
9.45 0.307633238274
9.5 0.161911523334
9.55 0.319016363643
9.600000000000001 0.138079708096
9.650000000000002 0.329849471918
9.700000000000003 0.110924167101
9.750000000000004 0.339324529134
9.800000000000004 0.0808735140874
9.850000000000005 0.346665324318
9.900000000000006 0.0487178427809
9.950000000000006 0.351213904182
10.000000000000007 0.0171347473247
10.050000000000008 0.352508330917
10.100000000000009 0.0243825343092
10.15000000000001 0.350343667822
10.20000000000001 0.0575305031779
10.25000000000001 0.344809093405
10.300000000000011 0.0905247202454
10.350000000000012 0.336295114344
10.400000000000013 0.121490451279
10.450000000000014 0.325466279218
10.500000000000014 0.149501730229
10.550000000000015 0.313196980148
10.600000000000016 0.173942464382
10.650000000000016 0.300471698172
10.700000000000017 0.194473451895
10.750000000000018 0.288257785575
10.800000000000018 0.211029684774
10.85000000000002 0.277369429652
10.90000000000002 0.223799180762
10.95000000000002 0.268353120141
11.000000000000021 0.233177287307
11.050000000000022 0.261429077188
11.100000000000023 0.239700897742
11.150000000000023 0.25650963472
11.200000000000024 0.243972308674
11.250000000000025 0.253285814447
11.300000000000026 0.246585172914
11.350000000000026 0.251345455565
11.400000000000027 0.248064782035
11.450000000000028 0.250279790473
11.500000000000028 0.248831353338
11.55000000000003 0.249751312202
11.60000000000003 0.249188842782
11.65000000000003 0.249518768853
11.700000000000031 0.249335196172
11.750000000000032 0.249430761786
11.800000000000033 0.249385485104
11.850000000000033 0.249403904877
11.900000000000034 0.249398555728
11.950000000000035 0.24939843306
12.000000000000036 0.24940020007
12.050000000000036 0.249398467433
12.100000000000037 0.249399604857
12.150000000000038 0.249399120447
12.200000000000038 0.249399058518
12.250000000000039 0.249399563331
12.30000000000004 0.249398644224
12.35000000000004 0.249400049483
12.400000000000041 0.249397974952
12.450000000000042 0.249401027533
12.500000000000043 0.249396533964
12.550000000000043 0.249403134436
12.600000000000044 0.249393483568
12.650000000000045 0.249407511314
12.700000000000045 0.249387251763
12.750000000000046 0.249416319047
12.800000000000047 0.249374887253
12.850000000000048 0.249433551791
12.900000000000048 0.249351025522
12.950000000000049 0.249466342974
13.00000000000005 0.249306241591
13.05000000000005 0.249527004242
13.100000000000051 0.249224525991
13.150000000000052 0.249636056372
13.200000000000053 0.249079605554
13.250000000000053 0.249826477028
13.300000000000054 0.248829869935
13.350000000000055 0.250149245308
13.400000000000055 0.248411800853
13.450000000000056 0.250679932317
13.500000000000057 0.247732069792
13.550000000000058 0.251525501278
13.600000000000058 0.246658879661
13.650000000000059 0.252829620816
13.70000000000006 0.245013637545
13.75000000000006 0.254773771031
13.800000000000061 0.242564561462
13.850000000000062 0.257570577596
13.900000000000063 0.239024199072
13.950000000000063 0.261445778967
14.000000000000064 0.234052916989
14.050000000000065 0.26660679761
14.100000000000065 0.227270099042
14.150000000000066 0.273199472384
14.200000000000067 0.218274055993
14.250000000000068 0.281259444659
14.300000000000068 0.206670590637
14.350000000000069 0.290668908312
14.40000000000007 0.192108962908
14.45000000000007 0.30113042129
14.500000000000071 0.174322916481
14.550000000000072 0.312166189896
14.600000000000072 0.153173860822
14.650000000000073 0.323145183757
14.700000000000074 0.128694211944
14.750000000000075 0.333334554605
14.800000000000075 0.101135033649
14.850000000000076 0.341968225783
14.900000000000077 0.0710555215974
14.950000000000077 0.348324369559
15.000000000000078 0.0397710013065
15.050000000000079 0.351803724082
15.10000000000008 0.0162602175264
15.15000000000008 0.352001237532
15.200000000000081 0.0364959915549
15.250000000000082 0.348763881165
15.300000000000082 0.0690037499466
15.350000000000083 0.342227665166
15.400000000000084 0.101288303048
15.450000000000085 0.332827121508
15.500000000000085 0.131520278544
15.550000000000086 0.321271031439
15.600000000000087 0.158732618011
15.650000000000087 0.308479480241
15.700000000000088 0.182295120232
15.750000000000089 0.295480706013
15.80000000000009 0.201868856344
15.85000000000009 0.283273985878
15.900000000000091 0.217401526979
15.950000000000092 0.272678772391
16.000000000000092 0.229107547192
16.050000000000093 0.264207093176
16.100000000000094 0.237422270216
16.150000000000095 0.258003192831
16.200000000000095 0.242932442971
16.250000000000096 0.253876582935
16.300000000000097 0.246292154306
16.350000000000097 0.251414636366
16.400000000000098 0.248138341155
16.4500000000001 0.250125680114
16.5000000000001 0.249021432899
16.5500000000001 0.249559105568
16.6000000000001 0.249363528145
16.6500000000001 0.249372877847
16.700000000000102 0.249448757911
16.750000000000103 0.249348320681
16.800000000000104 0.24944097728
16.850000000000104 0.24936981961
16.900000000000105 0.249416950833
16.950000000000106 0.249390562061
17.000000000000107 0.249401744329
17.050000000000107 0.249400146498
17.100000000000108 0.249396770379
17.15000000000011 0.249401905942
17.20000000000011 0.249396881323
17.25000000000011 0.249401000517
17.30000000000011 0.249397836597
17.35000000000011 0.249400440623
17.400000000000112 0.249397775688
17.450000000000113 0.249401221949
17.500000000000114 0.249396212552
17.550000000000114 0.249403661593
17.600000000000115 0.249392713683
17.650000000000116 0.249408531048
17.700000000000117 0.249385997302
17.750000000000117 0.24941776928
17.800000000000118 0.249373313802
17.85000000000012 0.249435118738
17.90000000000012 0.249349683072
17.95000000000012 0.249467104376
18.00000000000012 0.24930661556
18.05000000000012 0.249524660837
18.100000000000122 0.249230064782
18.150000000000123 0.249625605956
18.200000000000124 0.249097425475
18.250000000000124 0.24979810009
18.300000000000125 0.248873418396
18.350000000000126 0.250085151942
18.400000000000126 0.248504764679
18.450000000000127 0.250550034269
18.500000000000128 0.247913712867
18.55000000000013 0.251282081982
18.60000000000013 0.246990761196
18.65000000000013 0.25240173445
18.70000000000013 0.24558729249
18.75000000000013 0.254062907019
18.800000000000132 0.243509247212
18.850000000000133 0.256450025653
18.900000000000134 0.240513309821
18.950000000000134 0.259766722384
19.000000000000135 0.236307268241
19.050000000000136 0.264213826611
19.100000000000136 0.230556134149
19.150000000000137 0.269956384915
19.200000000000138 0.222895238477
19.25000000000014 0.277082934434
19.30000000000014 0.212950866796
19.35000000000014 0.285564094436
19.40000000000014 0.200368171735
19.45000000000014 0.295219895928
19.500000000000142 0.184845266204
19.550000000000143 0.305704623041
19.600000000000144 0.166171854999
19.650000000000144 0.316514338914
19.700000000000145 0.144271170441
19.750000000000146 0.32701742555
19.800000000000146 0.119247549606
19.850000000000147 0.3365044594
19.900000000000148 0.0914588554189
19.95000000000015 0.344251600145
20.00000000000015 0.061729334669
20.05000000000015 0.349591095386
