# energy [hartree]:-4.88094071791
# iterations before stopping: 9
#Runtime settings
#number of atoms: 8
#electronic configuration: [1 1]
#wiegner seitz radious: 4
#R_c: 8.0
#beta: 0.4

#r	rho	potential`n0.015	0.00242103460342	-0.193606826624
0.03	0.00242121493595	-0.193608558053
0.045	0.00242151558042	-0.193611445484
0.06	0.00242193650738	-0.193615488211
0.075	0.00242247767541	-0.193620685247
0.09	0.0024231390312	-0.193627035322
0.105	0.00242392050953	-0.193634536884
0.12	0.00242482203331	-0.193643188102
0.135	0.00242584351355	-0.193652986865
0.15	0.0024269848494	-0.193663930787
0.165	0.00242824592817	-0.193676017206
0.18	0.00242962662527	-0.193689243186
0.195	0.0024311268043	-0.193703605523
0.21	0.002432746317	-0.193719100743
0.225	0.00243448500327	-0.193735725108
0.24	0.00243634269118	-0.193753474615
0.255	0.002438319197	-0.193772345003
0.27	0.00244041432518	-0.193792331755
0.285	0.00244262786836	-0.1938134301
0.3	0.00244495960739	-0.193835635018
0.315	0.00244740931135	-0.193858941244
0.33	0.00244997673755	-0.19388334327
0.345	0.00245266163153	-0.193908835351
0.36	0.00245546372708	-0.19393541151
0.375	0.00245838274627	-0.193963065539
0.39	0.00246141839944	-0.193991791007
0.405	0.00246457038524	-0.194021581262
0.42	0.0024678383906	-0.194052429439
0.435	0.00247122209079	-0.194084328461
0.45	0.00247472114942	-0.19411727105
0.465	0.00247833521845	-0.194151249723
0.48	0.00248206393821	-0.194186256808
0.495	0.00248590693741	-0.194222284442
0.51	0.0024898638332	-0.194259324579
0.525	0.00249393423112	-0.194297368995
0.54	0.00249811772518	-0.194336409296
0.555	0.00250241389784	-0.19437643692
0.57	0.00250682232007	-0.194417443147
0.585	0.00251134255133	-0.194459419101
0.6	0.00251597413961	-0.194502355759
0.615	0.00252071662147	-0.194546243958
0.63	0.00252556952205	-0.194591074395
0.645	0.00253053235507	-0.194636837642
0.66	0.0025356046229	-0.194683524146
0.675	0.00254078581656	-0.194731124234
0.69	0.00254607541576	-0.194779628128
0.705	0.00255147288889	-0.194829025941
0.72	0.00255697769312	-0.19487930769
0.735	0.00256258927436	-0.1949304633
0.75	0.00256830706731	-0.19498248261
0.765	0.00257413049553	-0.195035355381
0.78	0.0025800589714	-0.195089071302
0.795	0.00258609189623	-0.195143619992
0.81	0.00259222866022	-0.195198991015
0.825	0.00259846864256	-0.195255173877
0.84	0.00260481121141	-0.195312158039
0.855	0.00261125572397	-0.195369932919
0.87	0.00261780152651	-0.1954284879
0.885	0.00262444795439	-0.195487812338
0.9	0.00263119433213	-0.195547895564
0.915	0.00263803997341	-0.195608726891
0.93	0.00264498418115	-0.195670295624
0.945	0.00265202624752	-0.195732591061
0.96	0.002659165454	-0.195795602499
0.975	0.00266640107141	-0.195859319245
0.99	0.00267373235997	-0.195923730615
1.005	0.00268115856932	-0.195988825944
1.02	0.0026886789386	-0.196054594589
1.035	0.00269629269645	-0.196121025937
1.05	0.0027039990611	-0.196188109407
1.065	0.00271179724041	-0.196255834459
1.08	0.00271968643189	-0.196324190594
1.095	0.00272766582278	-0.196393167366
1.11	0.0027357345901	-0.19646275438
1.125	0.00274389190068	-0.1965329413
1.14	0.00275213691124	-0.196603717855
1.155	0.00276046876841	-0.196675073842
1.17	0.00276888660883	-0.196746999129
1.185	0.00277738955917	-0.196819483662
1.2	0.00278597673619	-0.196892517467
1.215	0.00279464724681	-0.196966090658
1.23	0.00280340018818	-0.197040193434
1.245	0.0028122346477	-0.19711481609
1.26	0.00282114970312	-0.197189949018
1.275	0.00283014442258	-0.197265582709
1.29	0.00283921786468	-0.197341707759
1.305	0.00284836907854	-0.197418314871
1.32	0.00285759710387	-0.197495394859
1.335	0.00286690097103	-0.197572938649
1.35	0.00287627970109	-0.197650937286
1.365	0.00288573230593	-0.197729381933
1.38	0.00289525778825	-0.197808263877
1.395	0.00290485514171	-0.197887574528
1.41	0.00291452335093	-0.197967305425
1.425	0.00292426139163	-0.198047448236
1.44	0.00293406823063	-0.19812799476
1.455	0.00294394282599	-0.198208936933
1.47	0.00295388412705	-0.198290266824
1.485	0.00296389107449	-0.198371976643
1.5	0.00297396260046	-0.198454058736
1.515	0.0029840976286	-0.198536505594
1.53	0.00299429507415	-0.198619309849
1.545	0.00300455384402	-0.198702464276
1.56	0.00301487283687	-0.198785961798
1.575	0.00302525094319	-0.198869795482
1.59	0.00303568704539	-0.198953958545
1.605	0.00304618001788	-0.199038444349
1.62	0.00305672872713	-0.199123246409
1.635	0.00306733203181	-0.199208358387
1.65	0.0030779887828	-0.199293774095
1.665	0.00308869782337	-0.199379487499
1.68	0.00309945798916	-0.199465492712
1.695	0.00311026810837	-0.199551784001
1.71	0.00312112700177	-0.199638355782
1.725	0.00313203348285	-0.199725202625
1.74	0.00314298635787	-0.19981231925
1.755	0.00315398442598	-0.199899700526
1.77	0.00316502647928	-0.199987341475
1.785	0.00317611130296	-0.200075237268
1.8	0.00318723767535	-0.200163383226
1.815	0.00319840436805	-0.200251774818
1.83	0.003209610146	-0.200340407663
1.845	0.0032208537676	-0.200429277527
1.86	0.00323213398481	-0.20051838032
1.875	0.00324344954319	-0.2006077121
1.89	0.00325479918211	-0.200697269068
1.905	0.00326618163475	-0.200787047571
1.92	0.00327759562825	-0.200877044094
1.935	0.0032890398838	-0.200967255265
1.95	0.00330051311676	-0.201057677849
1.965	0.00331201403674	-0.201148308752
1.98	0.00332354134772	-0.201239145014
1.995	0.00333509374816	-0.201330183808
2.01	0.00334666993109	-0.201421422442
2.025	0.00335826858423	-0.201512858354
2.04	0.0033698883901	-0.20160448911
2.055	0.00338152802612	-0.201696312404
2.07	0.00339318616475	-0.201788326056
2.085	0.00340486147353	-0.201880528005
2.1	0.00341655261529	-0.201972916315
2.115	0.00342825824818	-0.202065489166
2.13	0.00343997702581	-0.202158244855
2.145	0.0034517075974	-0.202251181792
2.16	0.00346344860784	-0.202344298501
2.175	0.00347519869783	-0.202437593612
2.19	0.003486956504	-0.202531065862
2.205	0.00349872065903	-0.202624714095
2.22	0.00351048979175	-0.202718537253
2.235	0.00352226252727	-0.202812534377
2.25	0.00353403748711	-0.202906704607
2.265	0.00354581328929	-0.203001047173
2.28	0.00355758854849	-0.203095561397
2.295	0.00356936187614	-0.203190246689
2.31	0.00358113188056	-0.203285102543
2.325	0.00359289716707	-0.203380128536
2.34	0.00360465633813	-0.203475324323
2.355	0.00361640799344	-0.203570689635
2.37	0.00362815073009	-0.203666224277
2.385	0.00363988314268	-0.203761928124
2.4	0.00365160382344	-0.203857801117
2.415	0.00366331136236	-0.20395384326
2.43	0.00367500434731	-0.20405005462
2.445	0.00368668136419	-0.20414643532
2.46	0.00369834099703	-0.204242985538
2.475	0.00370998182815	-0.204339705503
2.49	0.00372160243828	-0.20443659549
2.505	0.00373320140667	-0.204533655822
2.52	0.00374477731125	-0.204630886861
2.535	0.00375632872876	-0.204728289008
2.55	0.00376785423487	-0.204825862698
2.565	0.00377935240432	-0.204923608399
2.58	0.00379082181105	-0.205021526604
2.595	0.00380226102835	-0.205119617834
2.61	0.00381366862899	-0.205217882629
2.625	0.00382504318533	-0.20531632155
2.64	0.00383638326951	-0.205414935168
2.655	0.00384768745355	-0.20551372407
2.67	0.00385895430948	-0.205612688847
2.685	0.00387018240951	-0.205711830096
2.7	0.00388137032616	-0.205811148415
2.715	0.0038925166324	-0.205910644399
2.73	0.00390361990177	-0.206010318637
2.745	0.00391467870857	-0.20611017171
2.76	0.00392569162793	-0.206210204183
2.775	0.00393665723604	-0.206310416609
2.79	0.00394757411022	-0.206410809517
2.805	0.00395844082912	-0.206511383416
2.82	0.0039692559728	-0.206612138787
2.835	0.00398001812295	-0.206713076081
2.85	0.003990725863	-0.206814195715
2.865	0.00400137777824	-0.206915498072
2.88	0.00401197245602	-0.20701698349
2.895	0.00402250848586	-0.207118652267
2.91	0.00403298445963	-0.207220504653
2.925	0.00404339897166	-0.207322540846
2.94	0.00405375061892	-0.207424760992
2.955	0.00406403800116	-0.207527165179
2.97	0.00407425972108	-0.207629753432
2.985	0.00408441438444	-0.207732525717
3.0	0.00409450060024	-0.207835481928
3.015	0.0041045169809	-0.207938621889
3.03	0.00411446214234	-0.208041945353
3.045	0.0041243347042	-0.208145451992
3.06	0.00413413328999	-0.208249141399
3.075	0.00414385652719	-0.208353013083
3.09	0.00415350304748	-0.208457066465
3.105	0.00416307148683	-0.208561300877
3.12	0.0041725604857	-0.208665715555
3.135	0.00418196868918	-0.208770309642
3.15	0.00419129474717	-0.208875082176
3.165	0.00420053731449	-0.208980032096
3.18	0.0042096950511	-0.209085158232
3.195	0.00421876662222	-0.209190459306
3.21	0.00422775069848	-0.209295933926
3.225	0.00423664595614	-0.209401580585
3.24	0.00424545107717	-0.209507397658
3.255	0.00425416474949	-0.209613383398
3.27	0.00426278566707	-0.209719535931
3.285	0.00427131253013	-0.209825853258
3.3	0.0042797440453	-0.209932333248
3.315	0.00428807892576	-0.210038973637
3.33	0.00429631589142	-0.210145772023
3.345	0.00430445366911	-0.210252725866
3.36	0.0043124909927	-0.210359832484
3.375	0.00432042660327	-0.210467089048
3.39	0.00432825924933	-0.210574492582
3.405	0.00433598768691	-0.210682039961
3.42	0.00434361067979	-0.210789727904
3.435	0.00435112699963	-0.210897552976
3.45	0.00435853542616	-0.211005511581
3.465	0.00436583474731	-0.211113599963
3.48	0.00437302375944	-0.211221814204
3.495	0.00438010126746	-0.211330150214
3.51	0.004387066085	-0.21143860374
3.525	0.0043939170346	-0.211547170354
3.54	0.00440065294788	-0.211655845453
3.555	0.0044072726657	-0.211764624261
3.57	0.00441377503832	-0.211873501819
3.585	0.00442015892558	-0.21198247299
3.6	0.00442642319709	-0.212091532453
3.615	0.00443256673236	-0.212200674699
3.63	0.00443858842101	-0.212309894032
3.645	0.00444448716292	-0.212419184567
3.66	0.00445026186839	-0.212528540224
3.675	0.00445591145835	-0.21263795473
3.69	0.00446143486449	-0.212747421615
3.705	0.00446683102946	-0.21285693421
3.72	0.00447209890702	-0.212966485644
3.735	0.00447723746222	-0.213076068846
3.75	0.00448224567158	-0.213185676538
3.765	0.00448712252325	-0.213295301235
3.78	0.00449186701719	-0.213404935245
3.795	0.00449647816533	-0.213514570664
3.81	0.00450095499175	-0.213624199378
3.825	0.00450529653284	-0.213733813058
3.84	0.00450950183749	-0.21384340316
3.855	0.00451356996724	-0.21395296092
3.87	0.00451749999646	-0.21406247736
3.885	0.00452129101252	-0.214171943278
3.9	0.00452494211595	-0.214281349252
3.915	0.00452845242065	-0.214390685635
3.93	0.00453182105397	-0.214499942558
3.945	0.00453504715698	-0.214609109924
3.96	0.00453812988457	-0.214718177408
3.975	0.00454106840564	-0.214827134458
3.99	0.00454386190329	-0.214935970291
4.005	0.00454650957492	-0.215044673894
4.02	0.00454901063247	-0.215153234019
4.035	0.00455136430254	-0.215261639189
4.05	0.00455356982657	-0.215369877688
4.065	0.004555626461	-0.215477937568
4.08	0.00455753347743	-0.215585806643
4.095	0.00455929016278	-0.215693472491
4.11	0.00456089581947	-0.21580092245
4.125	0.00456234976555	-0.21590814362
4.14	0.00456365133488	-0.216015122862
4.155	0.00456479987728	-0.216121846797
4.17	0.0045657947587	-0.216228301803
4.185	0.00456663536135	-0.216334474017
4.2	0.00456732108387	-0.216440349336
4.215	0.00456785134149	-0.216545913412
4.23	0.00456822556617	-0.216651151654
4.245	0.00456844320677	-0.216756049229
4.26	0.00456850372915	-0.216860591058
4.275	0.0045684066164	-0.21696476182
4.29	0.0045681513689	-0.217068545948
4.305	0.00456773750452	-0.217171927631
4.32	0.00456716455874	-0.217274890813
4.335	0.00456643208481	-0.217377419193
4.35	0.00456553965388	-0.217479496226
4.365	0.00456448685513	-0.217581105122
4.38	0.0045632732959	-0.217682228845
4.395	0.00456189860187	-0.217782850114
4.41	0.00456036241714	-0.217882951407
4.425	0.00455866440438	-0.217982514953
4.44	0.00455680424497	-0.218081522741
4.455	0.00455478163911	-0.218179956513
4.47	0.00455259630594	-0.218277797769
4.485	0.00455024798371	-0.218375027768
4.5	0.00454773642981	-0.218471627524
4.515	0.00454506142099	-0.21856757781
4.53	0.00454222275338	-0.218662859158
4.545	0.00453922024268	-0.218757451859
4.56	0.00453605372422	-0.218851335964
4.575	0.00453272305309	-0.218944491287
4.59	0.00452922810424	-0.2190368974
4.605	0.00452556877257	-0.21912853364
4.62	0.00452174497307	-0.219219379108
4.635	0.00451775664085	-0.219309412667
4.65	0.00451360373128	-0.219398612948
4.665	0.00450928622009	-0.219486958347
4.68	0.00450480410342	-0.219574427027
4.695	0.00450015739792	-0.219660996922
4.71	0.00449534614084	-0.219746645735
4.725	0.0044903703901	-0.21983135094
4.74	0.00448523022436	-0.219915089784
4.755	0.00447992574312	-0.219997839288
4.77	0.00447445706672	-0.220079576249
4.785	0.0044688243365	-0.220160277241
4.8	0.00446302771477	-0.220239918616
4.815	0.00445706738494	-0.220318476508
4.83	0.00445094355151	-0.22039592683
4.845	0.00444465644016	-0.220472245281
4.86	0.00443820629781	-0.220547407344
4.875	0.00443159339262	-0.22062138829
4.89	0.00442481801404	-0.220694163178
4.905	0.00441788047286	-0.22076570686
4.92	0.00441078110126	-0.22083599398
4.935	0.00440352025276	-0.220904998974
4.95	0.00439609830232	-0.220972696081
4.965	0.00438851564635	-0.221039059333
4.98	0.00438077270265	-0.221104062567
4.995	0.00437286991053	-0.221167679423
5.01	0.00436480773072	-0.221229883345
5.025	0.00435658664543	-0.221290647588
5.04	0.00434820715833	-0.221349945216
5.055	0.00433966979451	-0.221407749104
5.07	0.00433097510054	-0.221464031946
5.085	0.00432212364437	-0.221518766251
5.1	0.00431311601537	-0.221571924349
5.115	0.00430395282429	-0.221623478395
5.13	0.00429463470319	-0.221673400367
5.145	0.00428516230547	-0.221721662073
5.16	0.00427553630577	-0.221768235151
5.175	0.00426575739996	-0.221813091074
5.19	0.00425582630508	-0.221856201151
5.205	0.00424574375929	-0.22189753653
5.22	0.0042355105218	-0.221937068204
5.235	0.0042251273728	-0.221974767009
5.25	0.00421459511342	-0.222010603629
5.265	0.00420391456563	-0.222044548603
5.28	0.00419308657216	-0.22207657232
5.295	0.00418211199642	-0.222106645032
5.31	0.00417099172242	-0.222134736846
5.325	0.00415972665467	-0.222160817739
5.34	0.00414831771805	-0.222184857551
5.355	0.00413676585777	-0.222206825995
5.37	0.00412507203919	-0.222226692656
5.385	0.00411323724775	-0.222244426999
5.4	0.00410126248882	-0.222259998368
5.415	0.0040891487876	-0.222273375992
5.43	0.00407689718898	-0.222284528987
5.445	0.00406450875739	-0.222293426359
5.46	0.00405198457667	-0.222300037012
5.475	0.00403932574992	-0.222304329747
5.49	0.00402653339936	-0.222306273264
5.505	0.00401360866616	-0.222305836173
5.52	0.00400055271027	-0.222302986991
5.535	0.00398736671027	-0.222297694147
5.55	0.00397405186319	-0.222289925989
5.565	0.00396060938432	-0.222279650784
5.58	0.00394704050706	-0.222266836723
5.595	0.00393334648269	-0.222251451926
5.61	0.00391952858021	-0.222233464445
5.625	0.00390558808611	-0.222212842266
5.64	0.00389152630421	-0.222189553316
5.655	0.0038773445554	-0.222163565467
5.67	0.00386304417747	-0.222134846536
5.685	0.00384862652486	-0.222103364293
5.7	0.00383409296847	-0.222069086462
5.715	0.00381944489538	-0.22203198073
5.73	0.00380468370868	-0.221992014743
5.745	0.00378981082717	-0.221949156118
5.76	0.00377482768517	-0.221903372442
5.775	0.00375973573224	-0.22185463128
5.79	0.00374453643293	-0.221802900173
5.805	0.00372923126654	-0.22174814665
5.82	0.00371382172684	-0.221690338226
5.835	0.0036983093218	-0.221629442408
5.85	0.00368269557336	-0.221565426703
5.865	0.00366698201709	-0.221498258613
5.88	0.00365117020197	-0.22142790565
5.895	0.00363526169008	-0.221354335332
5.91	0.0036192580563	-0.221277515193
5.925	0.00360316088804	-0.221197412781
5.94	0.00358697178494	-0.221113995669
5.955	0.00357069235856	-0.221027231454
5.97	0.00355432423207	-0.220937087765
5.985	0.00353786903997	-0.220843532263
6.0	0.00352132842776	-0.22074653265
6.015	0.00350470405162	-0.220646056671
6.03	0.0034879975781	-0.220542072117
6.045	0.00347121068379	-0.220434546832
6.06	0.003454345055	-0.220323448713
6.075	0.00343740238743	-0.220208745721
6.09	0.00342038438585	-0.220090405878
6.105	0.00340329276374	-0.219968397278
6.12	0.00338612924295	-0.219842688084
6.135	0.00336889555341	-0.219713246539
6.15	0.0033515934327	-0.219580040966
6.165	0.0033342246258	-0.219443039774
6.18	0.00331679088465	-0.219302211462
6.195	0.00329929396787	-0.219157524623
6.21	0.00328173564036	-0.219008947949
6.225	0.00326411767297	-0.218856450233
6.24	0.00324644184211	-0.218700000374
6.255	0.00322870992943	-0.218539567386
6.27	0.00321092372144	-0.218375120394
6.285	0.00319308500913	-0.218206628643
6.3	0.00317519558761	-0.218034061503
6.315	0.00315725725577	-0.21785738847
6.33	0.00313927181589	-0.217676579172
6.345	0.00312124107324	-0.217491603373
6.36	0.00310316683578	-0.217302430976
6.375	0.00308505091373	-0.217109032029
6.39	0.00306689511919	-0.216911376726
6.405	0.00304870126582	-0.216709435415
6.42	0.00303047116843	-0.216503178599
6.435	0.0030122066426	-0.21629257694
6.45	0.00299390950431	-0.216077601264
6.465	0.00297558156959	-0.215858222567
6.48	0.00295722465408	-0.215634412014
6.495	0.00293884057274	-0.215406140946
6.51	0.00292043113941	-0.215173380884
6.525	0.00290199816644	-0.214936103531
6.54	0.00288354346436	-0.214694280779
6.555	0.00286506884145	-0.214447884708
6.57	0.0028465761034	-0.214196887594
6.585	0.00282806705292	-0.213941261912
6.6	0.00280954348938	-0.213680980336
6.615	0.00279100720844	-0.213416015748
6.63	0.00277246000166	-0.213146341237
6.645	0.00275390365616	-0.212871930107
6.66	0.00273533995424	-0.212592755875
6.675	0.00271677067298	-0.212308792279
6.69	0.00269819758396	-0.212020013281
6.705	0.00267962245281	-0.211726393069
6.72	0.00266104703891	-0.211427906059
6.735	0.00264247309499	-0.211124526902
6.75	0.00262390236683	-0.210816230484
6.765	0.00260533659283	-0.210502991933
6.78	0.00258677750373	-0.210184786618
6.795	0.00256822682223	-0.209861590154
6.81	0.00254968626265	-0.209533378406
6.825	0.00253115753058	-0.209200127492
6.84	0.00251264232258	-0.208861813783
6.855	0.00249414232577	-0.208518413911
6.87	0.00247565921756	-0.208169904767
6.885	0.00245719466533	-0.207816263509
6.9	0.00243875032604	-0.207457467559
6.915	0.00242032784596	-0.207093494611
6.93	0.00240192886034	-0.206724322632
6.945	0.00238355499309	-0.206349929862
6.96	0.00236520785648	-0.205970294822
6.975	0.00234688905083	-0.205585396312
6.99	0.0023286001642	-0.205195213415
7.005	0.00231034277209	-0.204799725503
7.02	0.00229211843718	-0.204398912232
7.035	0.00227392870901	-0.203992753552
7.05	0.00225577512368	-0.203581229705
7.065	0.00223765920363	-0.203164321228
7.08	0.00221958245731	-0.202742008958
7.095	0.00220154637894	-0.202314274029
7.11	0.00218355244823	-0.20188109788
7.125	0.00216560213014	-0.201442462252
7.14	0.00214769687461	-0.200998349196
7.155	0.0021298381163	-0.200548741067
7.17	0.00211202727438	-0.200093620533
7.185	0.00209426575228	-0.199632970576
7.2	0.00207655493743	-0.199166774488
7.215	0.00205889620107	-0.198695015881
7.23	0.00204129089801	-0.198217678684
7.245	0.00202374036642	-0.197734747144
7.26	0.00200624592762	-0.19724620583
7.275	0.00198880888587	-0.196752039635
7.29	0.00197143052817	-0.196252233775
7.305	0.00195411212409	-0.195746773793
7.32	0.00193685492557	-0.195235645559
7.335	0.00191966016672	-0.194718835271
7.35	0.00190252906368	-0.194196329458
7.365	0.00188546281444	-0.193668114981
7.38	0.00186846259866	-0.193134179032
7.395	0.00185152957755	-0.192594509137
7.41	0.00183466489369	-0.192049093159
7.425	0.0018178696709	-0.191497919295
7.44	0.00180114501411	-0.190940976079
7.455	0.00178449200922	-0.190378252384
7.47	0.00176791172297	-0.189809737423
7.485	0.00175140520284	-0.189235420745
7.5	0.00173497347695	-0.188655292244
7.515	0.00171861755389	-0.188069342152
7.53	0.00170233842273	-0.187477561044
7.545	0.00168613705281	-0.18687993984
7.56	0.00167001439377	-0.1862764698
7.575	0.00165397137536	-0.18566714253
7.59	0.00163800890746	-0.185051949979
7.605	0.00162212787997	-0.184430884442
7.62	0.00160632916275	-0.183803938558
7.635	0.00159061360559	-0.183171105314
7.65	0.00157498203813	-0.182532378039
7.665	0.00155943526986	-0.181887750412
7.68	0.00154397409006	-0.181237216456
7.695	0.00152859926777	-0.180580770541
7.71	0.0015133115518	-0.179918407384
7.725	0.00149811167068	-0.179250122048
7.74	0.00148300033266	-0.178575909943
7.755	0.00146797822574	-0.177895766826
7.77	0.00145304601764	-0.1772096888
7.785	0.0014382043558	-0.176517672314
7.8	0.00142345386746	-0.175819714164
7.815	0.0014087951596	-0.175115811493
7.83	0.00139422881904	-0.174405961787
7.845	0.00137975541243	-0.17369016288
7.86	0.00136537548631	-0.172968412949
7.875	0.00135108956716	-0.172240710517
7.89	0.00133689816143	-0.171507054452
7.905	0.00132280175564	-0.170767443964
7.92	0.0013088008164	-0.170021878608
7.935	0.00129489579052	-0.16927035828
7.95	0.00128108710503	-0.168512883219
7.965	0.00126737516734	-0.167749454005
7.98	0.00125376036527	-0.166980071561
7.995	0.00124024306713	-0.166204737147
8.01	0.00122682362189	-0.165425794164
8.025	0.00121350235666	-0.164650837085
8.04	0.00120027956888	-0.163880414734
8.055	0.00118715552629	-0.163114490017
8.07	0.00117413046765	-0.162353026106
8.085	0.00116120460341	-0.161595986442
8.1	0.00114837811635	-0.160843334732
8.115	0.00113565116227	-0.160095034951
8.13	0.0011230238706	-0.159351051344
8.145	0.00111049634506	-0.158611348424
8.16	0.0010980686643	-0.157875890973
8.175	0.00108574088246	-0.157144644045
8.19	0.00107351302987	-0.15641757296
8.205	0.00106138511357	-0.155694643311
8.22	0.00104935711795	-0.154975820959
8.235	0.00103742900532	-0.154261072035
8.25	0.0010256007165	-0.15355036294
8.265	0.00101387217136	-0.152843660345
8.28	0.00100224326938	-0.152140931188
8.295	0.00099071389025	-0.151442142679
8.31	0.000979283894335	-0.150747262295
8.325	0.000967953123263	-0.15005625778
8.34	0.000956721400425	-0.149369097147
8.355	0.000945588531496	-0.148685748677
8.37	0.000934554304939	-0.148006180917
8.385	0.000923618492506	-0.147330362678
8.4	0.000912780849725	-0.146658263039
8.415	0.000902041116382	-0.145989851341
8.43	0.000891399016995	-0.145325097193
8.445	0.000880854261279	-0.144663970461
8.46	0.000870406544601	-0.144006441279
8.475	0.00086005554843	-0.143352480037
8.49	0.000849800940777	-0.14270205739
8.505	0.00083964237663	-0.14205514425
8.52	0.000829579498374	-0.141411711786
8.535	0.000819611936216	-0.140771731426
8.55	0.000809739308584	-0.140135174854
8.565	0.000799961222538	-0.13950201401
8.58	0.000790277274161	-0.138872221084
8.595	0.000780687048942	-0.138245768524
8.61	0.000771190122162	-0.137622629025
8.625	0.000761786059262	-0.137002775534
8.64	0.000752474416207	-0.136386181248
8.655	0.000743254739846	-0.13577281961
8.67	0.000734126568263	-0.135162664309
8.685	0.000725089431117	-0.13455568928
8.7	0.000716142849982	-0.133951868701
8.715	0.000707286338676	-0.133351176993
8.73	0.000698519403584	-0.132753588816
8.745	0.000689841543974	-0.132159079071
8.76	0.000681252252306	-0.131567622896
8.775	0.000672751014537	-0.130979195664
8.79	0.00066433731042	-0.130393772986
8.805	0.00065601061379	-0.129811330704
8.82	0.00064777039285	-0.129231844891
8.835	0.000639616110451	-0.128655291851
8.85	0.000631547224365	-0.128081648119
8.865	0.000623563187545	-0.127510890453
8.88	0.000615663448395	-0.126942995839
8.895	0.000607847451015	-0.126377941485
8.91	0.000600114635457	-0.125815704824
8.925	0.000592464437966	-0.125256263507
8.94	0.000584896291214	-0.124699595405
8.955	0.000577409624537	-0.124145678606
8.97	0.000570003864162	-0.123594491413
8.985	0.000562678433424	-0.123046012344
9.0	0.000555432752985	-0.122500220129
9.015	0.000548266241046	-0.121957093708
9.03	0.000541178313551	-0.121416612232
9.045	0.000534168384389	-0.120878755055
9.06	0.000527235865592	-0.120343501741
9.075	0.00052038016752	-0.119810832056
9.09	0.000513600699057	-0.119280725966
9.105	0.000506896867784	-0.118753163642
9.12	0.000500268080162	-0.11822812545
9.135	0.000493713741702	-0.117705591954
9.15	0.000487233257134	-0.117185543914
9.165	0.000480826030572	-0.116667962283
9.18	0.000474491465671	-0.116152828206
9.195	0.000468228965785	-0.115640123019
9.21	0.000462037934118	-0.115129828244
9.225	0.000455917773868	-0.114621925592
9.24	0.000449867888376	-0.114116396958
9.255	0.000443887681258	-0.113613224422
9.27	0.000437976556547	-0.113112390244
9.285	0.000432133918821	-0.112613876864
9.3	0.00042635917333	-0.112117666901
9.315	0.000420651726123	-0.11162374315
9.33	0.000415010984168	-0.111132088582
9.345	0.000409436355465	-0.110642686338
9.36	0.000403927249166	-0.110155519735
9.375	0.00039848307568	-0.109670572257
9.39	0.000393103246781	-0.109187827557
9.405	0.000387787175714	-0.108707269454
9.42	0.000382534277291	-0.108228881933
9.435	0.000377343967994	-0.10775264914
9.45	0.000372215666061	-0.107278555385
9.465	0.000367148791584	-0.106806585138
9.48	0.000362142766595	-0.106336723024
9.495	0.000357197015151	-0.105868953828
9.51	0.000352310963413	-0.10540326249
9.525	0.00034748403973	-0.104939634101
9.54	0.000342715674716	-0.104478053906
9.555	0.000338005301319	-0.1040185073
9.57	0.000333352354897	-0.103560979826
9.585	0.000328756273285	-0.103105457174
9.6	0.00032421649686	-0.10265192518
9.615	0.000319732468609	-0.102200369824
9.63	0.000315303634185	-0.101750777228
9.645	0.000310929441969	-0.101303133657
9.66	0.000306609343126	-0.100857425511
9.675	0.000302342791662	-0.100413639333
9.69	0.000298129244469	-0.0999717617979
9.705	0.000293968161384	-0.099531779718
9.72	0.000289859005229	-0.0990936800381
9.735	0.000285801241862	-0.0986574498348
9.75	0.000281794340218	-0.0982230763154
9.765	0.000277837772351	-0.0977905468157
9.78	0.000273931013475	-0.0973598487992
9.795	0.000270073542001	-0.0969309698552
9.81	0.000266264839571	-0.0965038976977
9.825	0.000262504391098	-0.0960786201638
9.84	0.00025879168479	-0.0956551252121
9.855	0.000255126212188	-0.0952334009218
9.87	0.00025150746819	-0.0948134354909
9.885	0.000247934951082	-0.0943952172346
9.9	0.000244408162561	-0.0939787345848
9.915	0.000240926607759	-0.0935639760876
9.93	0.000237489795268	-0.0931509304029
9.945	0.000234097237159	-0.0927395863026
9.96	0.000230748449	-0.092329932669
9.975	0.000227442949878	-0.0919219584943
9.99	0.000224180262414	-0.0915156528783
10.005	0.000220959912776	-0.0911110050279
10.02	0.000217781430697	-0.0907080042554
10.035	0.000214644349485	-0.0903066399772
10.05	0.000211548206035	-0.0899069017127
10.065	0.00020849254084	-0.0895087790829
10.08	0.000205476897999	-0.0891122618092
10.095	0.000202500825225	-0.0887173397122
10.11	0.000199563873852	-0.0883240027103
10.125	0.000196665598842	-0.0879322408187
10.14	0.000193805558788	-0.0875420441481
10.155	0.000190983315914	-0.0871534029032
10.17	0.000188198436087	-0.0867663073821
10.185	0.000185450488808	-0.0863807479745
10.2	0.000182739047219	-0.0859967151611
10.215	0.000180063688101	-0.0856141995118
10.23	0.000177423991871	-0.0852331916852
10.245	0.000174819542584	-0.0848536824269
10.26	0.000172249927923	-0.0844756625688
10.275	0.000169714739204	-0.0840991230275
10.29	0.000167213571363	-0.0837240548038
10.305	0.000164746022956	-0.0833504489809
10.32	0.00016231169615	-0.0829782967239
10.335	0.000159910196717	-0.0826075892784
10.35	0.000157541134027	-0.0822383179693
10.365	0.000155204121039	-0.0818704742002
10.38	0.000152898774292	-0.0815040494518
10.395	0.000150624713893	-0.0811390352811
10.41	0.000148381563511	-0.0807754233206
10.425	0.000146168950365	-0.0804132052768
10.44	0.000143986505208	-0.0800523729293
10.455	0.000141833862323	-0.0796929181302
10.47	0.000139710659502	-0.0793348328024
10.485	0.000137616538039	-0.0789781089391
10.5	0.000135551142714	-0.0786227386029
10.515	0.000133514121777	-0.0782687139243
10.53	0.000131505126939	-0.077916027101
10.545	0.000129523813349	-0.0775646703972
10.56	0.000127569839588	-0.0772146361423
10.575	0.000125642867644	-0.07686591673
10.59	0.000123742562902	-0.0765185046173
10.605	0.000121868594124	-0.076172392324
10.62	0.000120020633434	-0.0758275724312
10.635	0.000118198356297	-0.0754840375806
10.65	0.000116401441509	-0.075141780474
10.665	0.000114629571168	-0.0748007938716
10.68	0.000112882430665	-0.0744610705917
10.695	0.000111159708662	-0.0741226035098
10.71	0.00010946109707	-0.0737853855574
10.725	0.000107786291035	-0.0734494097214
10.74	0.000106134988915	-0.0731146690431
10.755	0.000104506892261	-0.0727811566175
10.77	0.000102901705799	-0.0724488655922
10.785	0.000101319137405	-0.0721177891668
10.8	9.97588980909e-05	-0.0717879205921
10.815	9.82207019788e-05	-0.0714592531688
10.83	9.67042662825e-05	-0.0711317802475
10.845	9.52093112863e-05	-0.070805495227
10.86	9.37355603235e-05	-0.0704803915542
10.875	9.22827397554e-05	-0.0701564627229
10.89	9.08505789496e-05	-0.0698337022731
10.905	8.94388102588e-05	-0.0695121037904
10.92	8.80471689988e-05	-0.0691916609048
10.935	8.66753934267e-05	-0.0688723672905
10.95	8.53232247194e-05	-0.0685542166646
10.965	8.39904069508e-05	-0.0682372027867
10.98	8.26766870706e-05	-0.0679213194579
10.995	8.13818148814e-05	-0.0676065605203
11.01	8.0105543017e-05	-0.067292919856
11.025	7.88476269196e-05	-0.0669803913866
11.04	7.76078248178e-05	-0.0666689690721
11.055	7.6385897704e-05	-0.0663586469109
11.07	7.5181609312e-05	-0.0660494189382
11.085	7.39947260945e-05	-0.0657412792258
11.1	7.28250172004e-05	-0.0654342218815
11.115	7.16722544528e-05	-0.0651282410479
11.13	7.05362123256e-05	-0.0648233309021
11.145	6.94166679218e-05	-0.0645194856551
11.16	6.83134009504e-05	-0.0642166995505
11.175	6.72261937039e-05	-0.0639149668647
11.19	6.61548310361e-05	-0.0636142819053
11.205	6.5099100339e-05	-0.0633146390113
11.22	6.40587915208e-05	-0.0630160325517
11.235	6.30336969832e-05	-0.0627184569252
11.25	6.2023611599e-05	-0.0624219065597
11.265	6.10283326895e-05	-0.0621263759112
11.28	6.00476600026e-05	-0.0618318594634
11.295	5.90813956897e-05	-0.0615383517272
11.31	5.81293442844e-05	-0.0612458472397
11.325	5.71913126795e-05	-0.060954340564
11.34	5.62671101052e-05	-0.060663826288
11.355	5.53565481069e-05	-0.0603742990244
11.37	5.44594405232e-05	-0.0600857534095
11.385	5.35756034641e-05	-0.059798184103
11.4	5.27048552887e-05	-0.0595115857872
11.415	5.1847016584e-05	-0.0592259531664
11.43	5.10019101427e-05	-0.0589412809662
11.445	5.01693609417e-05	-0.0586575639331
11.46	4.93491961207e-05	-0.0583747968338
11.475	4.85412449607e-05	-0.0580929744544
11.49	4.77453388623e-05	-0.0578120916
11.505	4.69613113251e-05	-0.0575321430943
11.52	4.6188997926e-05	-0.0572531237784
11.535	4.54282362982e-05	-0.056975028511
11.55	4.46788661107e-05	-0.056697852167
11.565	4.39407290469e-05	-0.0564215896376
11.58	4.32136687842e-05	-0.0561462358292
11.595	4.24975309731e-05	-0.0558717856631
11.61	4.17921632172e-05	-0.055598234075
11.625	4.10974150523e-05	-0.0553255760139
11.64	4.04131379264e-05	-0.0550538064423
11.655	3.97391851794e-05	-0.054782920335
11.67	3.90754120232e-05	-0.0545129126788
11.685	3.84216755218e-05	-0.0542437784717
11.7	3.77778345713e-05	-0.0539755127228
11.715	3.71437498807e-05	-0.0537081104511
11.73	3.65192839518e-05	-0.0534415666854
11.745	3.59043010603e-05	-0.0531758764637
11.76	3.52986672362e-05	-0.0529110348322
11.775	3.47022502449e-05	-0.0526470368454
11.79	3.4114919568e-05	-0.0523838775649
11.805	3.35365463847e-05	-0.0521215520592
11.82	3.29670035526e-05	-0.0518600554031
11.835	3.24061655897e-05	-0.051599382677
11.85	3.18539086555e-05	-0.0513395289664
11.865	3.13101105329e-05	-0.0510804893613
11.88	3.07746506098e-05	-0.0508222589559
11.895	3.02474098612e-05	-0.0505648328475
11.91	2.97282708314e-05	-0.0503082061365
11.925	2.92171176161e-05	-0.0500523739253
11.94	2.87138358447e-05	-0.0497973313183
11.955	2.82183126628e-05	-0.0495430734207
11.97	2.77304367152e-05	-0.0492895953385
11.985	2.72500981283e-05	-0.0490368921776
12.0	2.67771884932e-05	-0.0487849590433
12.015	2.63116008486e-05	-0.0485337910397
12.03	2.58532296646e-05	-0.0482833832692
12.045	2.54019708252e-05	-0.0480337308318
12.06	2.49577216124e-05	-0.0477848288246
12.075	2.45203806898e-05	-0.0475366723412
12.09	2.40898480862e-05	-0.0472892564711
12.105	2.36660251796e-05	-0.0470425762993
12.12	2.32488146813e-05	-0.0467966269051
12.135	2.28381206201e-05	-0.0465514033622
12.15	2.24338483266e-05	-0.0463069007379
12.165	2.20359044181e-05	-0.0460631140922
12.18	2.16441967824e-05	-0.0458200384776
12.195	2.12586345634e-05	-0.045577668938
12.21	2.08791281457e-05	-0.0453360005087
12.225	2.05055891397e-05	-0.0450950282153
12.24	2.01379303665e-05	-0.0448547470731
12.255	1.9776065844e-05	-0.0446151520869
12.27	1.94199107716e-05	-0.0443762382496
12.285	1.90693815161e-05	-0.0441380005425
12.3	1.87243955977e-05	-0.0439004339338
12.315	1.83848716757e-05	-0.0436635333785
12.33	1.80507295345e-05	-0.0434272938174
12.345	1.77218900696e-05	-0.0431917101766
12.36	1.73982752747e-05	-0.0429567773669
12.375	1.7079808227e-05	-0.0427224902828
12.39	1.67664130748e-05	-0.0424888438024
12.405	1.64580150236e-05	-0.0422558327858
12.42	1.61545403233e-05	-0.0420234520753
12.435	1.5855916255e-05	-0.0417916964942
12.45	1.55620711181e-05	-0.0415605608461
12.465	1.52729342178e-05	-0.0413300399142
12.48	1.49884358524e-05	-0.0411001284608
12.495	1.47085073004e-05	-0.0408708212262
12.51	1.4433080809e-05	-0.040642112928
12.525	1.41620895809e-05	-0.0404139982605
12.54	1.38954677633e-05	-0.0401864718937
12.555	1.36331504347e-05	-0.0399595284728
12.57	1.33750735943e-05	-0.039733162617
12.585	1.31211741493e-05	-0.039507368919
12.6	1.28713899041e-05	-0.039282141944
12.615	1.26256595482e-05	-0.0390574762287
12.63	1.23839226453e-05	-0.038833366281
12.645	1.21461196219e-05	-0.0386098065784
12.66	1.19121917565e-05	-0.0383867915675
12.675	1.16820811681e-05	-0.0381643156632
12.69	1.1455730806e-05	-0.0379423732475
12.705	1.12330844387e-05	-0.0377209586686
12.72	1.10140866431e-05	-0.0375000662401
12.735	1.07986827948e-05	-0.0372796902397
12.75	1.05868190569e-05	-0.0370598249087
12.765	1.03784423703e-05	-0.0368404644506
12.78	1.01735004433e-05	-0.0366216030301
12.795	9.9719417417e-06	-0.0364032347721
12.81	9.77371547893e-06	-0.0361853537606
12.825	9.57877160624e-06	-0.0359679540378
12.84	9.38706080301e-06	-0.0357510296025
12.855	9.19853446722e-06	-0.0355345744094
12.87	9.01314470603e-06	-0.0353185823678
12.885	8.83084432641e-06	-0.0351030473402
12.9	8.65158682594e-06	-0.0348879631414
12.915	8.47532638369e-06	-0.0346733235368
12.93	8.30201785122e-06	-0.0344591222417
12.945	8.13161674367e-06	-0.0342453529195
12.96	7.96407923101e-06	-0.0340320091806
12.975	7.79936212927e-06	-0.0338190845807
12.99	7.63742289205e-06	-0.0336065726199
13.005	7.47821960196e-06	-0.033394466741
13.02	7.32171096232e-06	-0.0331827603278
13.035	7.16785628881e-06	-0.0329714467038
13.05	7.01661550134e-06	-0.032760519131
13.065	6.86794911598e-06	-0.0325499708074
13.08	6.72181823695e-06	-0.0323397948663
13.095	6.57818454876e-06	-0.0321299843741
13.11	6.43701030844e-06	-0.0319205323286
13.125	6.29825833784e-06	-0.0317114316576
13.14	6.16189201604e-06	-0.0315026752166
13.155	6.02787527188e-06	-0.0312942557872
13.17	5.89617257652e-06	-0.0310861660753
13.185	5.76674893616e-06	-0.0308783987089
13.2	5.63956988482e-06	-0.0306709462361
13.215	5.51460147719e-06	-0.0304638011232
13.23	5.39181028164e-06	-0.0302569557525
13.245	5.27116337324e-06	-0.03005040242
13.26	5.15262832691e-06	-0.0298441333334
13.275	5.03617321066e-06	-0.0296381406094
13.29	4.9217665789e-06	-0.0294324162717
13.305	4.80937746583e-06	-0.0292269522483
13.32	4.69897537897e-06	-0.0290217403691
13.335	4.59053029267e-06	-0.0288167723634
13.35	4.48401264183e-06	-0.0286120398568
13.365	4.37939331561e-06	-0.028407534369
13.38	4.27664365124e-06	-0.0282032473107
13.395	4.17573542793e-06	-0.0279991699807
13.41	4.07664086087e-06	-0.0277952935627
13.425	3.97933259528e-06	-0.0275916091226
13.44	3.88378370052e-06	-0.0273881076052
13.455	3.78996766437e-06	-0.0271847798306
13.47	3.69785838726e-06	-0.0269816164912
13.485	3.60743017671e-06	-0.0267786081481
13.5	3.5186577417e-06	-0.0265757452273
13.515	3.43151618725e-06	-0.0263730180163
13.53	3.345981009e-06	-0.0261704166601
13.545	3.26202808786e-06	-0.0259679311574
13.56	3.17963368478e-06	-0.0257655513562
13.575	3.09877443556e-06	-0.0255632669501
13.59	3.01942734568e-06	-0.0253610674738
13.605	2.94156978535e-06	-0.0251589422984
13.62	2.86517948445e-06	-0.0249568806272
13.635	2.79023452765e-06	-0.0247548714907
13.65	2.7167133496e-06	-0.0245529037419
13.665	2.64459473011e-06	-0.0243509660515
13.68	2.57385778948e-06	-0.024149046902
13.695	2.50448198383e-06	-0.0239471345832
13.71	2.43644710056e-06	-0.0237452171864
13.725	2.36973325382e-06	-0.0235432825986
13.74	2.30432088006e-06	-0.0233413184972
13.755	2.24019073365e-06	-0.0231393123434
13.77	2.17732388259e-06	-0.0229372513767
13.785	2.1157017042e-06	-0.0227351226082
13.8	2.05530588096e-06	-0.0225329128142
13.815	1.99611839636e-06	-0.0223306085301
13.83	1.93812153084e-06	-0.0221281960427
13.845	1.88129785774e-06	-0.0219256613843
13.86	1.82563023937e-06	-0.0217229903247
13.875	1.77110182312e-06	-0.0215201683648
13.89	1.71769603758e-06	-0.0213171807286
13.905	1.66539658876e-06	-0.021114012356
13.92	1.61418745641e-06	-0.0209106478954
13.935	1.56405289029e-06	-0.0207070716956
13.95	1.51497740656e-06	-0.0205032677984
13.965	1.46694578424e-06	-0.0202992199308
13.98	1.4199430617e-06	-0.020094911497
13.995	1.37395453317e-06	-0.0198903255709
14.01	1.32896574535e-06	-0.0196854448882
14.025	1.28496249409e-06	-0.0194802518394
14.04	1.24193082105e-06	-0.0192747284617
14.055	1.19985701047e-06	-0.0190688564327
14.07	1.15872758595e-06	-0.0188626170635
14.085	1.11852930735e-06	-0.0186559912925
14.1	1.07924916763e-06	-0.01844895968
14.115	1.04087438986e-06	-0.0182415024034
14.13	1.00339242418e-06	-0.0180335992537
14.145	9.66790944845e-07	-0.0178252296327
14.16	9.31057847362e-07	-0.0176163725519
14.175	8.9618124559e-07	-0.0174070066333
14.19	8.62149468948e-07	-0.017197110112
14.205	8.2895105965e-07	-0.0169866608412
14.22	7.96574769983e-07	-0.0167756363008
14.235	7.65009559635e-07	-0.0165640136089
14.25	7.34244593069e-07	-0.0163517695376
14.265	7.04269236937e-07	-0.0161388805344
14.28	6.75073057541e-07	-0.0159253227492
14.295	6.46645818337e-07	-0.0157110720677
14.31	6.18977477486e-07	-0.0154961041548
14.325	5.92058185438e-07	-0.0152803945063
14.34	5.6587828257e-07	-0.0150639185137
14.355	5.40428296859e-07	-0.0148466515421
14.37	5.15698941601e-07	-0.0146285690256
14.385	4.91681113165e-07	-0.0144096465819
14.4	4.68365888795e-07	-0.0141898601505
14.415	4.45744524451e-07	-0.0139691861599
14.43	4.23808452686e-07	-0.0137476017271
14.445	4.0254928057e-07	-0.0135250848979
14.46	3.81958787644e-07	-0.0133016149346
14.475	3.62028923928e-07	-0.0130771726621
14.49	3.42751807951e-07	-0.012851740881
14.505	3.24119724832e-07	-0.0126253048654
14.52	3.06125124395e-07	-0.0123978529592
14.535	2.88760619323e-07	-0.0121693772929
14.55	2.72018983349e-07	-0.0119398746458
14.565	2.55893149484e-07	-0.0117093474845
14.58	2.40376208287e-07	-0.0114778052147
14.595	2.25461406164e-07	-0.0112452656929
14.61	2.1114214371e-07	-0.0110117570541
14.625	1.97411974088e-07	-0.0107773199256
14.64	1.84264601438e-07	-0.0105420101103
14.655	1.7169387933e-07	-0.0103059018462
14.67	1.59693809244e-07	-0.0100690917681
14.685	1.48258539093e-07	-0.00983170372662
14.7	1.37382361777e-07	-0.00959389465477
14.715	1.27059713774e-07	-0.00935586170701
14.73	1.17285173761e-07	-0.00911785093922
14.745	1.08053461271e-07	-0.00888016784133
14.76	9.93594353883e-08	-0.00864319007379
14.775	9.11980934679e-08	-0.00840738278438
14.79	8.35645698923e-08	-0.00817331687644
14.805	7.6454134858e-08	-0.0079416905322
14.82	6.9862193192e-08	-0.00771335412004
14.835	6.37842831973e-08	-0.007489338261
14.85	5.82160755255e-08	-0.00727088419968
14.865	5.31533720755e-08	-0.00705947459266
14.88	4.85921049143e-08	-0.00685686126684
14.895	4.45283352201e-08	-0.00666508433919
14.91	4.09582522412e-08	-0.00648647443961
14.925	3.78781722694e-08	-0.00632362713697
14.94	3.5284537623e-08	-0.00617933715522
14.955	3.31739156337e-08	-0.00605648142809
14.97	3.15429976338e-08	-0.00595784666171
14.985	3.03885979363e-08	-0.00588591012182
